10.56  -118.04 44.372 116.157931 
11.07  -118.10 44.372 116.157937 
11.56  -118.17 44.372 116.157943 
12.08  -118.28 44.372 116.157950 
12.58  -118.36 44.372 116.157956 
13.11  -118.43 44.372 116.157962 
13.62  -118.51 44.372 116.157968 
14.11  -118.63 44.372 116.157974 
14.60  -118.77 44.372 116.157979 
15.12  -118.88 44.372 116.157985 
15.63  -118.96 44.372 116.157991 
16.13  -119.01 44.372 116.157997 
16.66  -119.10 44.372 116.158003 
17.20  -119.17 44.372 116.158009 
17.70  -119.25 44.372 116.158015 
18.24  -119.27 44.372 116.158022 
18.75  -119.32 44.372 116.158028 
19.29  -119.42 44.372 116.158034 
19.85  -119.49 44.372 116.158040 
20.37  -119.55 44.372 116.158046 
20.93  -119.59 44.372 116.158053 
21.43  -119.65 44.372 116.158059 
21.97  -119.72 44.372 116.158065 
22.49  -119.79 44.372 116.158071 
23.02  -119.85 44.372 116.158077 
23.54  -119.93 44.372 116.158083 
24.10  -119.99 44.372 116.158090 
24.65  -120.05 44.372 116.158096 
25.22  -120.09 44.372 116.158103 
25.76  -120.15 44.372 116.158109 
26.31  -120.20 44.372 116.158116 
26.85  -120.28 44.372 116.158122 
27.39  -120.34 44.372 116.158128 
27.95  -120.39 44.372 116.158135 
28.50  -120.47 44.372 116.158141 
29.05  -120.53 44.372 116.158148 
29.59  -120.57 44.372 116.158154 
30.15  -120.65 44.372 116.158160 
30.65  -120.70 44.372 116.158166 
31.21  -120.76 44.372 116.158173 
31.76  -120.82 44.372 116.158179 
32.29  -120.86 44.372 116.158185 
32.82  -120.94 44.372 116.158192 
33.36  -120.98 44.372 116.158198 
33.87  -121.04 44.372 116.158204 
34.43  -121.09 44.372 116.158210 
34.94  -121.13 44.372 116.158216 
35.49  -121.21 44.372 116.158223 
36.05  -121.25 44.372 116.158229 
36.57  -121.32 44.372 116.158235 
37.14  -121.36 44.372 116.158242 
37.65  -121.41 44.372 116.158248 
38.17  -121.45 44.372 116.158254 
38.70  -121.48 44.372 116.158260 
39.27  -121.54 44.372 116.158266 
39.79  -121.57 44.372 116.158272 
40.29  -121.58 44.372 116.158278 
40.88  -121.61 44.372 116.158284 
41.44  -121.59 44.372 116.158290 
42.00  -121.55 44.372 116.158296 
42.50  -121.50 44.372 116.158302 
43.01  -121.44 44.372 116.158307 
43.53  -121.40 44.372 116.158313 
44.05  -121.35 44.372 116.158319 
44.56  -121.27 44.372 116.158324 
45.09  -121.20 44.372 116.158330 
45.62  -121.12 44.372 116.158336 
46.13  -121.02 44.372 116.158342 
46.64  -120.92 44.372 116.158347 
47.17  -120.81 44.372 116.158353 
47.70  -120.68 44.372 116.158359 
48.22  -120.55 44.372 116.158365 
48.74  -120.40 44.372 116.158371 
49.26  -120.23 44.372 116.158376 
49.77  -120.08 44.372 116.158382 
50.27  -119.89 44.372 116.158387 
50.77  -119.68 44.372 116.158392 
51.24  -119.46 44.372 116.158398 
51.69  -119.24 44.372 116.158403 
52.19  -119.00 44.372 116.158408 
52.68  -118.76 44.372 116.158413 
53.13  -118.51 44.372 116.158418 
53.58  -118.26 44.372 116.158423 
54.02  -117.99 44.372 116.158428 
54.47  -117.71 44.372 116.158433 
54.92  -117.41 44.372 116.158438 
55.34  -117.10 44.372 116.158442 
55.73  -116.79 44.372 116.158446 
56.13  -116.46 44.372 116.158451 
56.54  -116.10 44.372 116.158455 
56.90  -115.75 44.372 116.158459 
57.29  -115.36 44.372 116.158462 
57.65  -114.95 44.372 116.158466 
57.98  -114.53 44.372 116.158469 
58.29  -114.06 44.372 116.158472 
58.51  -113.61 44.372 116.158474 
58.71  -113.13 44.372 116.158475 
58.86  -112.64 44.372 116.158476 
58.99  -112.11 44.372 116.158477 
59.08  -111.59 44.372 116.158478 
59.13  -111.05 44.372 116.158478 
59.16  -110.52 44.372 116.158478 
59.15  -109.98 44.372 116.158478 
59.11  -109.44 44.372 116.158478 
59.07  -108.90 44.372 116.158477 
59.01  -108.36 44.372 116.158477 
59.00  -107.81 44.372 116.158476 
59.01  -107.29 44.372 116.158477 
59.05  -106.76 44.372 116.158477 
59.08  -106.24 44.372 116.158477 
59.13  -105.70 44.372 116.158478 
59.14  -105.16 44.372 116.158478 
59.22  -104.65 44.372 116.158479 
59.27  -104.10 44.372 116.158480 
59.31  -103.60 44.372 116.158480 
59.39  -103.10 44.372 116.158481 
59.42  -102.59 44.372 116.158481 
59.51  -102.07 44.372 116.158482 
59.60  -101.54 44.372 116.158484 
59.71  -101.03 44.372 116.158485 
59.80  -100.49 44.372 116.158486 
59.84  -99.99 44.372 116.158486 
59.92  -99.47 44.372 116.158487 
59.97  -98.91 44.372 116.158488 
60.04  -98.41 44.372 116.158489 
60.11  -97.86 44.372 116.158490 
60.19  -97.31 44.372 116.158490 
60.29  -96.79 44.372 116.158492 
60.40  -96.30 44.372 116.158493 
60.49  -95.74 44.372 116.158494 
60.52  -95.19 44.372 116.158494 
60.60  -94.70 44.372 116.158495 
60.63  -94.14 44.372 116.158496 
60.70  -93.60 44.372 116.158496 
60.76  -93.07 44.372 116.158497 
60.82  -92.55 44.372 116.158498 
60.90  -92.02 44.372 116.158499 
60.99  -91.52 44.372 116.158500 
61.06  -91.01 44.372 116.158501 
61.14  -90.46 44.372 116.158502 
61.23  -89.96 44.372 116.158503 
61.31  -89.45 44.372 116.158504 
61.41  -88.94 44.372 116.158505 
61.51  -88.41 44.372 116.158506 
61.55  -87.86 44.372 116.158506 
61.64  -87.33 44.372 116.158507 
61.71  -86.78 44.372 116.158508 
61.80  -86.25 44.372 116.158509 
61.89  -85.70 44.372 116.158510 
61.98  -85.20 44.372 116.158511 
62.07  -84.67 44.372 116.158513 
62.10  -84.17 44.372 116.158513 
62.18  -83.64 44.372 116.158514 
62.26  -83.13 44.372 116.158515 
62.35  -82.60 44.372 116.158516 
62.45  -82.04 44.372 116.158517 
62.56  -81.50 44.372 116.158518 
62.66  -80.98 44.372 116.158519 
62.69  -80.48 44.372 116.158520 
62.78  -79.96 44.372 116.158521 
62.79  -79.45 44.372 116.158521 
62.87  -78.95 44.372 116.158522 
62.90  -78.45 44.372 116.158522 
62.96  -77.93 44.372 116.158523 
63.02  -77.39 44.372 116.158524 
63.08  -76.85 44.372 116.158524 
63.15  -76.32 44.372 116.158525 
63.23  -75.78 44.372 116.158526 
63.28  -75.26 44.372 116.158527 
63.34  -74.72 44.372 116.158527 
63.40  -74.20 44.372 116.158528 
63.49  -73.65 44.372 116.158529 
63.55  -73.11 44.372 116.158530 
63.62  -72.61 44.372 116.158530 
63.69  -72.11 44.372 116.158531 
63.75  -71.61 44.372 116.158532 
63.85  -71.10 44.372 116.158533 
63.93  -70.55 44.372 116.158534 
63.98  -70.03 44.372 116.158535 
64.04  -69.52 44.372 116.158535 
64.09  -69.02 44.372 116.158536 
64.14  -68.47 44.372 116.158537 
64.22  -67.93 44.372 116.158537 
64.30  -67.43 44.372 116.158538 
64.37  -66.93 44.372 116.158539 
64.42  -66.42 44.372 116.158540 
64.50  -65.89 44.372 116.158541 
64.59  -65.38 44.372 116.158542 
64.67  -64.83 44.372 116.158543 
64.78  -64.31 44.372 116.158544 
64.86  -63.81 44.372 116.158545 
64.96  -63.32 44.372 116.158546 
65.05  -62.81 44.372 116.158547 
65.08  -62.29 44.372 116.158548 
65.16  -61.77 44.372 116.158548 
65.17  -61.27 44.372 116.158549 
65.23  -60.76 44.372 116.158549 
65.27  -60.23 44.372 116.158550 
65.34  -59.70 44.372 116.158551 
65.37  -59.18 44.372 116.158551 
65.43  -58.65 44.372 116.158552 
65.51  -58.15 44.372 116.158553 
65.57  -57.64 44.372 116.158553 
65.62  -57.12 44.372 116.158554 
65.67  -56.60 44.372 116.158554 
65.78  -56.05 44.372 116.158556 
65.85  -55.49 44.372 116.158557 
65.92  -54.99 44.372 116.158557 
65.99  -54.46 44.372 116.158558 
66.06  -53.89 44.372 116.158559 
66.12  -53.39 44.372 116.158560 
66.19  -52.89 44.372 116.158561 
66.25  -52.39 44.372 116.158561 
66.36  -51.87 44.372 116.158563 
66.43  -51.36 44.372 116.158563 
66.52  -50.85 44.372 116.158564 
66.63  -50.35 44.372 116.158566 
66.71  -49.82 44.372 116.158567 
66.80  -49.30 44.372 116.158568 
66.91  -48.76 44.372 116.158569 
67.00  -48.21 44.372 116.158570 
67.06  -47.69 44.372 116.158571 
67.12  -47.16 44.372 116.158571 
67.20  -46.62 44.372 116.158572 
67.24  -46.09 44.372 116.158573 
67.32  -45.54 44.372 116.158574 
67.40  -45.00 44.372 116.158575 
67.47  -44.48 44.372 116.158575 
67.55  -43.97 44.372 116.158576 
67.58  -43.44 44.372 116.158577 
67.65  -42.92 44.372 116.158578 
67.70  -42.38 44.372 116.158578 
67.76  -41.87 44.372 116.158579 
67.82  -41.33 44.372 116.158580 
67.88  -40.79 44.372 116.158580 
67.93  -40.28 44.372 116.158581 
68.02  -39.74 44.372 116.158582 
68.08  -39.22 44.372 116.158583 
68.19  -38.70 44.372 116.158584 
68.27  -38.17 44.372 116.158585 
68.33  -37.62 44.372 116.158586 
68.42  -37.09 44.372 116.158587 
68.49  -36.56 44.372 116.158587 
68.57  -36.05 44.372 116.158588 
68.66  -35.53 44.372 116.158589 
68.77  -35.00 44.372 116.158591 
68.84  -34.50 44.372 116.158592 
68.93  -33.99 44.372 116.158593 
69.02  -33.49 44.372 116.158594 
69.07  -32.95 44.372 116.158594 
69.14  -32.41 44.372 116.158595 
69.20  -31.91 44.372 116.158596 
69.29  -31.35 44.372 116.158597 
69.37  -30.81 44.372 116.158598 
69.49  -30.26 44.372 116.158599 
69.57  -29.71 44.372 116.158600 
69.66  -29.22 44.372 116.158601 
69.74  -28.68 44.372 116.158602 
69.82  -28.15 44.372 116.158603 
69.88  -27.60 44.372 116.158604 
69.96  -27.05 44.372 116.158605 
70.08  -26.55 44.372 116.158606 
70.16  -25.98 44.372 116.158607 
70.23  -25.42 44.372 116.158608 
70.26  -24.89 44.372 116.158608 
70.32  -24.33 44.372 116.158609 
70.42  -23.80 44.372 116.158610 
70.49  -23.26 44.372 116.158611 
70.56  -22.74 44.372 116.158611 
70.61  -22.22 44.372 116.158612 
70.67  -21.72 44.372 116.158613 
70.69  -21.18 44.372 116.158613 
70.75  -20.62 44.372 116.158614 
70.82  -20.10 44.372 116.158615 
70.90  -19.57 44.372 116.158615 
70.95  -19.06 44.372 116.158616 
70.97  -18.51 44.372 116.158616 
71.01  -17.99 44.372 116.158617 
71.12  -17.48 44.372 116.158618 
71.18  -16.93 44.372 116.158619 
71.23  -16.42 44.372 116.158619 
71.28  -15.89 44.372 116.158620 
71.33  -15.36 44.372 116.158620 
71.38  -14.85 44.372 116.158621 
71.43  -14.29 44.372 116.158622 
71.51  -13.77 44.372 116.158623 
71.59  -13.21 44.372 116.158624 
71.69  -12.65 44.372 116.158625 
71.80  -12.13 44.372 116.158626 
71.92  -11.58 44.372 116.158628 
72.08  -11.08 44.372 116.158630 
72.25  -10.57 44.372 116.158632 
72.43  -10.04 44.372 116.158634 
72.60  -9.52 44.372 116.158636 
72.79  -8.99 44.372 116.158638 
72.97  -8.52 44.372 116.158641 
73.18  -8.06 44.372 116.158643 
73.43  -7.54 44.372 116.158646 
73.69  -7.04 44.372 116.158650 
73.96  -6.59 44.372 116.158653 
74.26  -6.16 44.372 116.158657 
74.56  -5.74 44.372 116.158661 
74.88  -5.32 44.372 116.158665 
75.26  -4.90 44.372 116.158670 
75.61  -4.51 44.372 116.158675 
75.98  -4.13 44.372 116.158679 
76.39  -3.74 44.372 116.158685 
76.78  -3.38 44.372 116.158690 
77.19  -3.04 44.372 116.158695 
77.64  -2.72 44.372 116.158701 
78.07  -2.42 44.372 116.158706 
78.50  -2.13 44.372 116.158712 
78.95  -1.86 44.372 116.158718 
79.42  -1.61 44.372 116.158724 
79.88  -1.37 44.372 116.158730 
80.39  -1.13 44.372 116.158736 
80.89  -0.94 44.372 116.158743 
81.42  -0.73 44.372 116.158750 
81.96  -0.55 44.372 116.158756 
82.45  -0.41 44.372 116.158763 
82.99  -0.26 44.372 116.158769 
83.51  -0.13 44.372 116.158776 
84.01  -0.03 44.372 116.158783 
84.57  0.06 44.372 116.158790 L
85.12  0.13 44.372 116.158797 L
85.67  0.18 44.372 116.158804 L
86.17  0.21 44.372 116.158811 L
86.75  0.21 44.372 116.158818 L
87.29  0.23 44.372 116.158825 L
87.87  0.20 44.372 116.158833 L
88.44  0.14 44.372 116.158840 L
89.00  0.07 44.372 116.158847 L
89.54  -0.01 44.372 116.158854 
90.06  -0.08 44.372 116.158860 
90.60  -0.16 44.372 116.158867 
91.14  -0.22 44.372 116.158873 
91.68  -0.30 44.372 116.158879 
92.21  -0.37 44.372 116.158885 
92.77  -0.47 44.372 116.158892 
93.33  -0.55 44.372 116.158898 
93.88  -0.63 44.372 116.158905 
94.38  -0.71 44.372 116.158911 
94.94  -0.80 44.372 116.158917 
95.47  -0.87 44.372 116.158924 
96.02  -0.95 44.372 116.158930 
96.59  -1.04 44.372 116.158936 
97.12  -1.12 44.372 116.158943 
97.64  -1.20 44.372 116.158949 
98.17  -1.27 44.372 116.158955 
98.69  -1.35 44.372 116.158961 
99.19  -1.44 44.372 116.158967 
99.73  -1.50 44.372 116.158973 
100.23   -1.58 44.372 116.158979 
100.73   -1.66 44.372 116.158985 
101.23   -1.74 44.372 116.158991 
101.74   -1.81 44.372 116.158997 
102.23   -1.89 44.372 116.159003 
102.81   -1.98 44.372 116.159009 
103.37   -2.05 44.372 116.159016 
103.93   -2.11 44.372 116.159022 
104.49   -2.16 44.372 116.159028 
105.04   -2.21 44.372 116.159034 
105.68   -2.26 44.372 116.159042 
106.18   -2.28 44.372 116.159047 
106.70   -2.32 44.372 116.159053 
107.21   -2.36 44.372 116.159059 
107.72   -2.41 44.372 116.159065 
108.25   -2.46 44.372 116.159071 
108.76   -2.52 44.372 116.159077 
109.26   -2.58 44.372 116.159084 
109.77   -2.62 44.372 116.159090 
110.27   -2.70 44.372 116.159096 
110.85   -2.79 44.372 116.159103 
111.40   -2.90 44.372 116.159109 
111.97   -2.98 44.372 116.159116 
112.53   -3.07 44.372 116.159123 
113.06   -3.11 44.372 116.159129 
113.57   -3.18 44.372 116.159135 
114.06   -3.26 44.372 116.159140 
114.58   -3.31 44.372 116.159146 
115.09   -3.36 44.372 116.159152 
115.60   -3.43 44.372 116.159158 
116.10   -3.50 44.372 116.159164 
116.61   -3.58 44.372 116.159170 
117.13   -3.65 44.372 116.159176 
117.64   -3.73 44.372 116.159182 
118.17   -3.77 44.372 116.159188 
118.71   -3.85 44.372 116.159195 
119.24   -3.92 44.372 116.159201 
119.81   -3.98 44.372 116.159208 
120.36   -4.05 44.372 116.159214 
120.91   -4.12 44.372 116.159220 
121.45   -4.18 44.372 116.159227 
121.99   -4.25 44.372 116.159233 
122.56   -4.33 44.372 116.159240 
123.14   -4.39 44.372 116.159246 
123.69   -4.48 44.372 116.159253 
124.26   -4.55 44.372 116.159259 
124.84   -4.62 44.372 116.159266 
125.39   -4.70 44.372 116.159273 
125.95   -4.79 44.372 116.159279 
126.53   -4.87 44.372 116.159286 
127.10   -4.95 44.372 116.159293 
127.65   -5.02 44.372 116.159299 
128.21   -5.08 44.372 116.159306 
128.77   -5.16 44.372 116.159312 
129.31   -5.23 44.372 116.159318 
129.86   -5.31 44.372 116.159325 
130.42   -5.38 44.372 116.159331 
130.96   -5.45 44.372 116.159338 
131.49   -5.52 44.372 116.159344 
132.02   -5.59 44.372 116.159350 
132.54   -5.66 44.372 116.159356 
133.11   -5.74 44.372 116.159363 
133.62   -5.81 44.372 116.159369 
134.12   -5.89 44.372 116.159375 
134.62   -5.95 44.372 116.159381 
135.18   -6.03 44.372 116.159387 
135.74   -6.12 44.372 116.159394 
136.31   -6.20 44.372 116.159400 
136.86   -6.30 44.372 116.159407 
137.42   -6.40 44.372 116.159414 
137.97   -6.50 44.372 116.159420 
138.51   -6.60 44.372 116.159427 
139.06   -6.73 44.372 116.159433 
139.61   -6.86 44.372 116.159440 
140.10   -6.99 44.372 116.159446 
140.64   -7.15 44.372 116.159453 
141.16   -7.29 44.372 116.159459 
141.69   -7.43 44.372 116.159465 
142.21   -7.55 44.372 116.159471 
142.72   -7.65 44.372 116.159477 
143.22   -7.76 44.372 116.159482 
143.77   -7.87 44.372 116.159489 
144.30   -7.96 44.372 116.159494 
144.80   -8.03 44.372 116.159500 
145.33   -8.08 44.372 116.159506 
145.84   -8.13 44.372 116.159511 
146.34   -8.15 44.372 116.159517 
146.85   -8.20 44.372 116.159522 
147.38   -8.22 44.372 116.159529 
147.94   -8.28 44.372 116.159535 
148.47   -8.32 44.372 116.159541 
149.03   -8.34 44.372 116.159548 
149.61   -8.40 44.372 116.159555 
150.16   -8.45 44.372 116.159561 
150.69   -8.52 44.372 116.159567 
151.22   -8.58 44.372 116.159574 
151.76   -8.64 44.372 116.159580 
152.31   -8.69 44.372 116.159587 
152.82   -8.75 44.372 116.159593 
153.38   -8.78 44.372 116.159599 
153.89   -8.84 44.372 116.159605 
154.44   -8.90 44.372 116.159612 
154.96   -8.95 44.372 116.159618 
155.48   -9.02 44.372 116.159624 
156.02   -9.10 44.372 116.159630 
156.53   -9.17 44.372 116.159636 
157.05   -9.23 44.372 116.159642 
157.58   -9.29 44.372 116.159649 
158.09   -9.36 44.372 116.159654 
158.59   -9.43 44.372 116.159661 
159.10   -9.50 44.372 116.159667 
159.60   -9.58 44.372 116.159672 
160.15   -9.65 44.372 116.159679 
160.66   -9.73 44.372 116.159685 
161.16   -9.81 44.372 116.159691 
161.67   -9.89 44.372 116.159696 
162.18   -9.96 44.372 116.159702 
162.68   -10.04 44.372 116.159708 
163.20   -10.13 44.372 116.159714 
163.71   -10.21 44.372 116.159720 
164.23   -10.29 44.372 116.159726 
164.75   -10.36 44.372 116.159732 
165.27   -10.44 44.372 116.159739 
165.80   -10.52 44.372 116.159745 
166.32   -10.60 44.372 116.159751 
166.86   -10.67 44.372 116.159757 
167.43   -10.75 44.372 116.159764 
167.99   -10.83 44.372 116.159770 
168.56   -10.92 44.372 116.159777 
169.06   -11.00 44.372 116.159783 
169.56   -11.09 44.372 116.159788 
170.13   -11.17 44.372 116.159795 
170.62   -11.25 44.372 116.159801 
171.19   -11.32 44.372 116.159808 
171.69   -11.40 44.372 116.159813 
172.25   -11.48 44.372 116.159820 
172.82   -11.58 44.372 116.159827 
173.39   -11.68 44.372 116.159833 
173.97   -11.76 44.372 116.159840 
174.54   -11.83 44.372 116.159847 
175.07   -11.91 44.372 116.159853 
175.64   -12.00 44.372 116.159860 
176.19   -12.07 44.372 116.159866 
176.73   -12.15 44.372 116.159872 
177.27   -12.21 44.372 116.159879 
177.83   -12.28 44.372 116.159885 
178.36   -12.36 44.372 116.159891 
178.87   -12.46 44.372 116.159897 
179.37   -12.53 44.372 116.159903 
179.88   -12.61 44.372 116.159909 
180.44   -12.71 44.372 116.159915 
180.99   -12.78 44.372 116.159922 
181.55   -12.86 44.372 116.159928 
182.12   -12.95 44.372 116.159935 
182.67   -13.03 44.372 116.159941 
183.24   -13.07 44.372 116.159948 
183.78   -13.15 44.372 116.159954 
184.29   -13.21 44.372 116.159960 
184.81   -13.27 44.372 116.159966 
185.31   -13.34 44.372 116.159972 
185.85   -13.40 44.372 116.159978 
186.39   -13.46 44.372 116.159985 
186.89   -13.53 44.372 116.159991 
187.44   -13.60 44.372 116.159997 
187.97   -13.66 44.372 116.160003 
188.51   -13.73 44.372 116.160010 
189.04   -13.80 44.372 116.160016 
189.57   -13.87 44.372 116.160022 
190.08   -13.94 44.372 116.160028 
190.60   -14.01 44.372 116.160034 
191.13   -14.08 44.372 116.160040 
191.65   -14.12 44.372 116.160046 
192.16   -14.18 44.372 116.160052 
192.68   -14.24 44.372 116.160058 
193.24   -14.30 44.372 116.160065 
193.88   -14.39 44.372 116.160072 
194.41   -14.45 44.372 116.160078 
194.95   -14.52 44.372 116.160085 
195.44   -14.58 44.372 116.160090 
195.98   -14.65 44.372 116.160097 
196.51   -14.72 44.372 116.160103 
197.06   -14.80 44.372 116.160109 
197.61   -14.85 44.372 116.160116 
198.15   -14.91 44.372 116.160122 
198.66   -14.98 44.372 116.160128 
199.18   -15.03 44.372 116.160134 
199.70   -15.10 44.372 116.160140 
200.20   -15.17 44.372 116.160146 
200.71   -15.22 44.372 116.160152 
201.26   -15.28 44.372 116.160158 
201.78   -15.32 44.372 116.160164 
202.32   -15.40 44.372 116.160170 
202.83   -15.44 44.372 116.160176 
203.34   -15.52 44.372 116.160182 
203.93   -15.59 44.372 116.160189 
204.46   -15.65 44.372 116.160196 
205.01   -15.71 44.372 116.160202 
205.53   -15.74 44.372 116.160208 
206.06   -15.80 44.372 116.160214 
206.58   -15.87 44.372 116.160220 
207.11   -15.91 44.372 116.160226 
207.64   -15.99 44.372 116.160232 
208.15   -16.04 44.372 116.160238 
208.71   -16.10 44.372 116.160245 
209.24   -16.17 44.372 116.160251 
209.76   -16.26 44.372 116.160258 
210.28   -16.36 44.372 116.160264 
210.80   -16.44 44.372 116.160270 
211.30   -16.52 44.372 116.160276 
211.84   -16.60 44.372 116.160282 
212.33   -16.67 44.372 116.160288 
212.83   -16.75 44.372 116.160294 
213.37   -16.83 44.372 116.160300 
213.92   -16.92 44.372 116.160307 
214.44   -17.00 44.372 116.160313 
214.97   -17.07 44.372 116.160319 
215.47   -17.13 44.372 116.160325 
215.99   -17.21 44.372 116.160331 
216.51   -17.28 44.372 116.160337 
217.04   -17.36 44.372 116.160343 
217.57   -17.46 44.372 116.160349 
218.08   -17.53 44.372 116.160355 
218.58   -17.62 44.372 116.160361 
219.11   -17.70 44.372 116.160367 
219.63   -17.77 44.372 116.160373 
220.15   -17.87 44.372 116.160379 
220.69   -17.93 44.372 116.160386 
221.23   -18.02 44.372 116.160392 
221.75   -18.10 44.372 116.160398 
222.28   -18.19 44.372 116.160404 
222.80   -18.26 44.372 116.160410 
223.30   -18.33 44.372 116.160416 
223.83   -18.39 44.372 116.160422 
224.33   -18.49 44.372 116.160428 
224.88   -18.56 44.372 116.160434 
225.38   -18.62 44.372 116.160440 
225.89   -18.68 44.372 116.160446 
226.43   -18.78 44.372 116.160452 
226.99   -18.85 44.372 116.160459 
227.54   -18.91 44.372 116.160465 
228.05   -18.97 44.372 116.160471 
228.57   -19.04 44.372 116.160477 
229.08   -19.12 44.372 116.160483 
229.58   -19.18 44.372 116.160489 
230.13   -19.25 44.372 116.160495 
230.65   -19.30 44.372 116.160502 
231.21   -19.36 44.372 116.160508 
231.71   -19.40 44.372 116.160514 
232.23   -19.45 44.372 116.160520 
232.75   -19.52 44.372 116.160526 
233.27   -19.58 44.372 116.160532 
233.82   -19.68 44.372 116.160539 
234.32   -19.74 44.372 116.160544 
234.84   -19.79 44.372 116.160550 
235.37   -19.84 44.372 116.160557 
235.88   -19.96 44.372 116.160563 
236.39   -20.01 44.372 116.160568 
236.93   -20.09 44.372 116.160575 
237.48   -20.19 44.372 116.160581 
237.99   -20.25 44.372 116.160587 
238.55   -20.36 44.372 116.160594 
239.06   -20.41 44.372 116.160600 
239.60   -20.48 44.372 116.160606 
240.13   -20.57 44.372 116.160612 
240.64   -20.63 44.372 116.160618 
241.17   -20.68 44.372 116.160624 
241.73   -20.78 44.372 116.160631 
242.23   -20.84 44.372 116.160636 
242.80   -20.92 44.372 116.160643 
243.29   -20.99 44.372 116.160649 
243.85   -21.05 44.372 116.160655 
244.36   -21.16 44.372 116.160661 
244.89   -21.23 44.372 116.160668 
245.40   -21.33 44.372 116.160674 
245.89   -21.43 44.372 116.160680 
246.39   -21.51 44.372 116.160686 
246.91   -21.60 44.372 116.160692 
247.42   -21.67 44.372 116.160698 
247.96   -21.75 44.372 116.160704 
248.49   -21.84 44.372 116.160710 
249.01   -21.93 44.372 116.160716 
249.56   -22.06 44.372 116.160723 
250.13   -22.16 44.372 116.160729 
250.70   -22.26 44.372 116.160736 
251.21   -22.37 44.372 116.160742 
251.77   -22.47 44.372 116.160749 
252.27   -22.55 44.372 116.160754 
252.79   -22.65 44.372 116.160760 
253.32   -22.73 44.372 116.160767 
253.85   -22.82 44.372 116.160773 
254.39   -22.93 44.372 116.160779 
254.89   -23.01 44.372 116.160785 
255.40   -23.08 44.372 116.160791 
255.97   -23.17 44.372 116.160798 
256.53   -23.26 44.372 116.160804 
257.09   -23.35 44.372 116.160811 
257.65   -23.42 44.372 116.160817 
258.19   -23.49 44.372 116.160823 
258.72   -23.57 44.372 116.160830 
259.23   -23.68 44.372 116.160836 
259.75   -23.76 44.372 116.160842 
260.26   -23.84 44.372 116.160848 
260.76   -23.95 44.372 116.160853 
261.32   -24.04 44.372 116.160860 
261.82   -24.13 44.372 116.160866 
262.38   -24.22 44.372 116.160872 
262.93   -24.31 44.372 116.160879 
263.47   -24.38 44.372 116.160885 
263.99   -24.47 44.372 116.160891 
264.51   -24.56 44.372 116.160897 
265.03   -24.66 44.372 116.160903 
265.54   -24.76 44.372 116.160909 
266.03   -24.82 44.372 116.160915 
266.58   -24.92 44.372 116.160922 
267.10   -25.04 44.372 116.160928 
267.63   -25.14 44.372 116.160934 
268.15   -25.24 44.372 116.160940 
268.64   -25.33 44.372 116.160946 
269.16   -25.43 44.372 116.160952 
269.69   -25.53 44.372 116.160958 
270.22   -25.63 44.372 116.160964 
270.74   -25.74 44.372 116.160970 
271.25   -25.84 44.372 116.160976 
271.79   -25.92 44.372 116.160982 
272.30   -26.01 44.372 116.160988 
272.84   -26.09 44.372 116.160995 
273.37   -26.18 44.372 116.161001 
273.91   -26.24 44.372 116.161007 
274.44   -26.32 44.372 116.161013 
274.96   -26.40 44.372 116.161019 
275.46   -26.47 44.372 116.161025 
275.96   -26.53 44.372 116.161031 
276.49   -26.62 44.372 116.161037 
277.04   -26.75 44.372 116.161044 
277.87   -26.88 44.372 116.161053 
278.38   -26.97 44.372 116.161059 
278.88   -27.05 44.372 116.161065 
279.39   -27.13 44.372 116.161071 
279.91   -27.19 44.372 116.161077 
280.42   -27.27 44.372 116.161083 
280.93   -27.34 44.372 116.161089 
281.44   -27.42 44.372 116.161095 
282.01   -27.53 44.372 116.161101 
282.59   -27.61 44.372 116.161108 
283.12   -27.67 44.372 116.161114 
283.68   -27.76 44.372 116.161121 
284.26   -27.84 44.372 116.161127 
284.83   -27.92 44.372 116.161134 
285.33   -27.96 44.372 116.161140 
285.84   -28.02 44.372 116.161146 
286.37   -28.09 44.372 116.161152 
286.91   -28.15 44.372 116.161158 
287.46   -28.19 44.372 116.161164 
288.02   -28.23 44.372 116.161171 
288.56   -28.29 44.372 116.161177 
289.09   -28.35 44.372 116.161184 
289.62   -28.40 44.372 116.161190 
290.15   -28.44 44.372 116.161196 
290.67   -28.49 44.372 116.161202 
291.18   -28.54 44.372 116.161208 
291.68   -28.62 44.372 116.161214 
292.19   -28.70 44.372 116.161220 
292.69   -28.75 44.372 116.161226 
293.19   -28.81 44.372 116.161231 
293.69   -28.86 44.372 116.161237 
294.27   -28.94 44.372 116.161244 
294.84   -29.00 44.372 116.161251 
295.38   -29.05 44.372 116.161257 
295.96   -29.14 44.372 116.161264 
296.49   -29.20 44.372 116.161270 
297.01   -29.25 44.372 116.161276 
297.57   -29.33 44.372 116.161282 
298.14   -29.39 44.372 116.161289 
298.69   -29.45 44.372 116.161296 
299.22   -29.53 44.372 116.161302 
299.74   -29.60 44.372 116.161308 
300.24   -29.65 44.372 116.161314 
300.78   -29.74 44.372 116.161320 
301.31   -29.81 44.372 116.161326 
301.83   -29.85 44.372 116.161332 
302.33   -29.91 44.372 116.161338 
302.87   -29.96 44.372 116.161344 
303.41   -30.01 44.372 116.161351 
303.90   -30.08 44.372 116.161357 
304.44   -30.17 44.372 116.161363 
304.94   -30.25 44.372 116.161369 
305.46   -30.34 44.372 116.161375 
305.97   -30.42 44.372 116.161381 
306.48   -30.52 44.372 116.161387 
306.99   -30.59 44.372 116.161393 
307.50   -30.68 44.372 116.161399 
308.01   -30.78 44.372 116.161405 
308.52   -30.85 44.372 116.161411 
309.02   -30.94 44.372 116.161417 
309.52   -31.02 44.372 116.161423 
310.04   -31.08 44.372 116.161429 
310.56   -31.14 44.372 116.161435 
311.07   -31.23 44.372 116.161441 
311.57   -31.31 44.372 116.161447 
312.07   -31.38 44.372 116.161452 
312.57   -31.44 44.372 116.161458 
313.07   -31.52 44.372 116.161464 
313.57   -31.59 44.372 116.161470 
314.11   -31.66 44.372 116.161476 
314.63   -31.73 44.372 116.161482 
315.13   -31.80 44.372 116.161488 
315.67   -31.88 44.372 116.161494 
316.22   -31.96 44.372 116.161500 
316.71   -32.01 44.372 116.161506 
317.24   -32.06 44.372 116.161512 
317.77   -32.13 44.372 116.161518 
318.27   -32.17 44.372 116.161524 
318.79   -32.23 44.372 116.161530 
319.35   -32.29 44.372 116.161537 
319.86   -32.37 44.372 116.161543 
320.41   -32.43 44.372 116.161549 
320.98   -32.48 44.372 116.161556 
321.48   -32.51 44.372 116.161562 
322.03   -32.57 44.372 116.161568 
322.59   -32.66 44.372 116.161575 
323.13   -32.70 44.372 116.161581 
323.66   -32.77 44.372 116.161587 
324.21   -32.84 44.372 116.161594 
324.74   -32.89 44.372 116.161600 
325.26   -32.96 44.372 116.161606 
325.79   -33.01 44.372 116.161612 
326.30   -33.07 44.372 116.161618 
326.83   -33.13 44.372 116.161624 
327.34   -33.18 44.372 116.161630 
327.84   -33.27 44.372 116.161636 
328.34   -33.33 44.372 116.161642 
328.90   -33.39 44.372 116.161648 
329.40   -33.45 44.372 116.161654 
329.94   -33.50 44.372 116.161660 
330.45   -33.57 44.372 116.161666 
331.06   -33.65 44.372 116.161673 
331.59   -33.72 44.372 116.161680 
332.11   -33.78 44.372 116.161686 
332.63   -33.87 44.372 116.161692 
333.13   -33.94 44.372 116.161698 
333.65   -34.04 44.372 116.161704 
334.17   -34.13 44.372 116.161710 
334.67   -34.23 44.372 116.161716 
335.18   -34.31 44.372 116.161722 
335.69   -34.39 44.372 116.161728 
336.23   -34.47 44.372 116.161735 
336.80   -34.57 44.372 116.161741 
337.35   -34.67 44.372 116.161748 
337.85   -34.76 44.372 116.161753 
338.36   -34.84 44.372 116.161759 
338.91   -34.93 44.372 116.161766 
339.44   -35.05 44.372 116.161773 
339.98   -35.17 44.372 116.161779 
340.47   -35.28 44.372 116.161785 
340.96   -35.40 44.372 116.161791 
341.49   -35.54 44.372 116.161798 
342.01   -35.67 44.372 116.161804 
342.50   -35.83 44.372 116.161810 
342.99   -36.02 44.372 116.161816 
343.48   -36.21 44.372 116.161822 
343.95   -36.40 44.372 116.161828 
344.41   -36.64 44.372 116.161835 
344.86   -36.88 44.372 116.161841 
345.29   -37.18 44.372 116.161847 
345.74   -37.48 44.372 116.161853 
346.15   -37.81 44.372 116.161858 
346.56   -38.15 44.372 116.161864 
346.96   -38.51 44.372 116.161869 
347.33   -38.87 44.372 116.161874 
347.68   -39.23 44.372 116.161878 
348.04   -39.64 44.372 116.161883 
348.35   -40.03 44.372 116.161887 
348.67   -40.47 44.372 116.161891 
348.99   -40.92 44.372 116.161895 
349.25   -41.35 44.372 116.161899 
349.54   -41.84 44.372 116.161903 
349.80   -42.28 44.372 116.161906 
350.03   -42.72 44.372 116.161909 
350.24   -43.18 44.372 116.161912 
350.46   -43.69 44.372 116.161914 
350.68   -44.17 44.372 116.161917 
350.89   -44.66 44.372 116.161920 
351.10   -45.15 44.372 116.161922 
351.30   -45.63 44.372 116.161925 
351.50   -46.14 44.372 116.161927 
351.67   -46.64 44.372 116.161929 
351.82   -47.12 44.372 116.161931 
351.98   -47.60 44.372 116.161933 
352.12   -48.12 44.372 116.161935 
352.22   -48.64 44.372 116.161936 
352.34   -49.24 44.372 116.161938 
352.42   -49.74 44.372 116.161939 
352.49   -50.24 44.372 116.161940 
352.53   -50.77 44.372 116.161941 
352.57   -51.29 44.372 116.161941 
352.59   -51.84 44.372 116.161941 
352.59   -52.35 44.372 116.161941 
352.58   -52.87 44.372 116.161941 
352.58   -53.37 44.372 116.161941 
352.54   -53.91 44.372 116.161941 
352.51   -54.41 44.372 116.161940 
352.47   -54.93 44.372 116.161940 
352.39   -55.46 44.372 116.161939 
352.35   -55.99 44.372 116.161938 
352.25   -56.53 44.372 116.161937 
352.19   -57.03 44.372 116.161937 
352.12   -57.54 44.372 116.161936 
352.06   -58.05 44.372 116.161935 
351.99   -58.57 44.372 116.161934 
351.93   -59.10 44.372 116.161933 
351.88   -59.61 44.372 116.161933 
351.80   -60.16 44.372 116.161932 
351.74   -60.68 44.372 116.161931 
351.68   -61.18 44.372 116.161931 
351.61   -61.69 44.372 116.161930 
351.55   -62.24 44.372 116.161929 
351.49   -62.77 44.372 116.161928 
351.44   -63.28 44.372 116.161928 
351.39   -63.78 44.372 116.161927 
351.34   -64.30 44.372 116.161927 
351.29   -64.81 44.372 116.161926 
351.22   -65.32 44.372 116.161925 
351.16   -65.89 44.372 116.161924 
351.10   -66.43 44.372 116.161924 
351.05   -66.92 44.372 116.161923 
350.96   -67.44 44.372 116.161922 
350.89   -67.97 44.372 116.161921 
350.82   -68.49 44.372 116.161920 
350.73   -69.00 44.372 116.161919 
350.65   -69.51 44.372 116.161918 
350.58   -70.04 44.372 116.161918 
350.50   -70.54 44.372 116.161917 
350.37   -71.06 44.372 116.161915 
350.28   -71.59 44.372 116.161914 
350.18   -72.13 44.372 116.161913 
350.10   -72.68 44.372 116.161912 
350.01   -73.21 44.372 116.161911 
349.87   -73.87 44.372 116.161909 
349.78   -74.38 44.372 116.161908 
349.68   -74.93 44.372 116.161907 
349.59   -75.46 44.372 116.161906 
349.51   -76.01 44.372 116.161905 
349.44   -76.56 44.372 116.161904 
349.36   -77.11 44.372 116.161903 
349.28   -77.64 44.372 116.161902 
349.21   -78.15 44.372 116.161902 
349.13   -78.68 44.372 116.161901 
349.03   -79.24 44.372 116.161899 
348.95   -79.77 44.372 116.161899 
348.85   -80.34 44.372 116.161897 
348.78   -80.84 44.372 116.161897 
348.70   -81.34 44.372 116.161896 
348.63   -81.85 44.372 116.161895 
348.55   -82.40 44.372 116.161894 
348.48   -82.92 44.372 116.161893 
348.42   -83.43 44.372 116.161892 
348.31   -83.96 44.372 116.161891 
348.22   -84.48 44.372 116.161890 
348.14   -84.98 44.372 116.161889 
348.03   -85.56 44.372 116.161888 
347.91   -86.13 44.372 116.161886 
347.82   -86.69 44.372 116.161885 
347.72   -87.25 44.372 116.161884 
347.63   -87.80 44.372 116.161883 
347.53   -88.34 44.372 116.161882 
347.44   -88.85 44.372 116.161881 
347.34   -89.38 44.372 116.161880 
347.26   -89.90 44.372 116.161879 
347.19   -90.47 44.372 116.161878 
347.10   -90.98 44.372 116.161877 
347.03   -91.49 44.372 116.161876 
346.99   -91.99 44.372 116.161876 
346.92   -92.49 44.372 116.161875 
346.84   -93.10 44.372 116.161874 
346.78   -93.63 44.372 116.161873 
346.70   -94.18 44.372 116.161872 
346.62   -94.69 44.372 116.161871 
346.55   -95.20 44.372 116.161871 
346.49   -95.73 44.372 116.161870 
346.42   -96.28 44.372 116.161869 
346.35   -96.82 44.372 116.161868 
346.27   -97.35 44.372 116.161867 
346.20   -97.87 44.372 116.161867 
346.11   -98.41 44.372 116.161865 
346.04   -98.91 44.372 116.161865 
345.96   -99.45 44.372 116.161864 
345.89   -99.98 44.372 116.161863 
345.83   -100.52 44.372 116.161862 
345.76   -101.06 44.372 116.161861 
345.69   -101.59 44.372 116.161861 
345.61   -102.12 44.372 116.161860 
345.56   -102.63 44.372 116.161859 
345.49   -103.18 44.372 116.161858 
345.44   -103.68 44.372 116.161858 
345.38   -104.18 44.372 116.161857 
345.33   -104.71 44.372 116.161856 
345.28   -105.25 44.372 116.161856 
345.22   -105.76 44.372 116.161855 
345.17   -106.27 44.372 116.161855 
345.11   -106.78 44.372 116.161854 
345.04   -107.30 44.372 116.161853 
344.97   -107.85 44.372 116.161852 
344.88   -108.42 44.372 116.161851 
344.80   -108.98 44.372 116.161850 
344.74   -109.52 44.372 116.161849 
344.67   -110.08 44.372 116.161849 
344.58   -110.61 44.372 116.161848 
344.50   -111.16 44.372 116.161847 
344.40   -111.66 44.372 116.161845 
344.32   -112.17 44.372 116.161845 
344.24   -112.71 44.372 116.161844 
344.15   -113.21 44.372 116.161843 
344.09   -113.73 44.372 116.161842 
344.00   -114.27 44.372 116.161841 
343.94   -114.83 44.372 116.161840 
343.87   -115.35 44.372 116.161839 
343.79   -115.85 44.372 116.161838 
343.72   -116.38 44.372 116.161837 
343.65   -116.88 44.372 116.161837 
343.55   -117.43 44.372 116.161836 
343.48   -117.95 44.372 116.161835 
343.40   -118.47 44.372 116.161834 
343.33   -118.99 44.372 116.161833 
343.27   -119.52 44.372 116.161832 
343.19   -120.04 44.372 116.161831 
343.10   -120.55 44.372 116.161830 
343.03   -121.09 44.372 116.161829 
342.97   -121.60 44.372 116.161829 
342.91   -122.10 44.372 116.161828 
342.85   -122.64 44.372 116.161827 
342.79   -123.16 44.372 116.161827 
342.73   -123.66 44.372 116.161826 
342.64   -124.19 44.372 116.161825 
342.57   -124.69 44.372 116.161824 
342.53   -125.23 44.372 116.161824 
342.46   -125.74 44.372 116.161823 
342.35   -126.25 44.372 116.161822 
342.28   -126.74 44.372 116.161821 
342.20   -127.28 44.372 116.161820 
342.17   -127.79 44.372 116.161819 
342.10   -128.33 44.372 116.161819 
342.02   -128.90 44.372 116.161818 
341.96   -129.46 44.372 116.161817 
341.88   -130.03 44.372 116.161816 
341.82   -130.58 44.372 116.161815 
341.77   -131.13 44.372 116.161815 
341.71   -131.66 44.372 116.161814 
341.65   -132.22 44.372 116.161813 
341.60   -132.72 44.372 116.161813 
341.54   -133.29 44.372 116.161812 
341.46   -133.79 44.372 116.161811 
341.40   -134.34 44.372 116.161811 
341.35   -134.87 44.372 116.161810 
341.29   -135.42 44.372 116.161809 
341.23   -135.96 44.372 116.161809 
341.15   -136.47 44.372 116.161808 
341.08   -137.03 44.372 116.161807 
341.02   -137.53 44.372 116.161806 
340.94   -138.04 44.372 116.161805 
340.87   -138.61 44.372 116.161804 
340.82   -139.16 44.372 116.161804 
340.75   -139.71 44.372 116.161803 
340.69   -140.26 44.372 116.161802 
340.60   -140.77 44.372 116.161801 
340.52   -141.29 44.372 116.161800 
340.48   -141.79 44.372 116.161800 
340.39   -142.35 44.372 116.161799 
340.32   -142.87 44.372 116.161798 
340.27   -143.39 44.372 116.161797 
340.20   -143.91 44.372 116.161796 
340.13   -144.41 44.372 116.161796 
340.05   -144.96 44.372 116.161795 
339.97   -145.46 44.372 116.161794 
339.90   -145.96 44.372 116.161793 
339.79   -146.47 44.372 116.161792 
339.71   -147.00 44.372 116.161791 
339.67   -147.53 44.372 116.161790 
339.58   -148.03 44.372 116.161789 
339.45   -148.52 44.372 116.161788 
339.33   -149.01 44.372 116.161786 
339.18   -149.57 44.372 116.161784 
339.03   -150.06 44.372 116.161782 
338.83   -150.57 44.372 116.161780 
338.63   -151.08 44.372 116.161777 
338.42   -151.58 44.372 116.161775 
338.21   -152.10 44.372 116.161772 
337.96   -152.60 44.372 116.161769 
337.71   -153.11 44.372 116.161766 
337.43   -153.61 44.372 116.161762 
337.13   -154.09 44.372 116.161758 
336.83   -154.51 44.372 116.161754 
336.52   -154.90 44.372 116.161750 
336.20   -155.29 44.372 116.161746 
335.85   -155.67 44.372 116.161742 
335.50   -156.04 44.372 116.161737 
335.07   -156.44 44.372 116.161732 
334.69   -156.76 44.372 116.161727 
334.29   -157.14 44.372 116.161721 
333.89   -157.45 44.372 116.161716 
333.49   -157.74 44.372 116.161711 
333.04   -158.03 44.372 116.161706 
332.55   -158.34 44.372 116.161700 
332.09   -158.64 44.372 116.161694 
331.62   -158.92 44.372 116.161688 
331.16   -159.17 44.372 116.161683 
330.66   -159.43 44.372 116.161676 
330.18   -159.72 44.372 116.161670 
329.70   -159.93 44.372 116.161664 
329.23   -160.14 44.372 116.161658 
328.76   -160.32 44.372 116.161652 
328.25   -160.49 44.372 116.161645 
327.76   -160.70 44.372 116.161639 
327.27   -160.85 44.372 116.161633 
326.79   -161.00 44.372 116.161627 
326.30   -161.14 44.372 116.161621 
325.80   -161.29 44.372 116.161615 
325.30   -161.40 44.372 116.161609 
324.79   -161.56 44.372 116.161603 
324.28   -161.62 44.372 116.161596 
323.78   -161.63 44.372 116.161589 
323.27   -161.68 44.372 116.161582 
322.74   -161.64 44.372 116.161575 
322.23   -161.62 44.372 116.161568 
321.69   -161.59 44.372 116.161561 
321.19   -161.55 44.372 116.161555