x        y        z        latitude        longitude         altitude         
-13.32469318  -42.27320846  0.00000000  39.47170695  115.62456117  0.00000000  
-13.49935251  -42.38599519  0.00000000  39.47170591  115.62455916  0.00000000  
-13.66546080  -42.50224279  0.00000000  39.47170484  115.62455725  0.00000000  
-13.84023872  -42.62279856  0.00000000  39.47170373  115.62455524  0.00000000  
-14.03591523  -42.75968715  0.00000000  39.47170247  115.62455299  0.00000000  
-14.22636287  -42.89221507  0.00000000  39.47170125  115.62455080  0.00000000  
-14.39770007  -43.01282334  0.00000000  39.47170014  115.62454883  0.00000000  
-14.58642735  -43.14537750  0.00000000  39.47169892  115.62454666  0.00000000  
-14.79168453  -43.28989069  0.00000000  39.47169759  115.62454430  0.00000000  
-14.96647943  -43.41155629  0.00000000  39.47169647  115.62454229  0.00000000  
-15.17607144  -43.55822355  0.00000000  39.47169512  115.62453988  0.00000000  
-15.37262513  -43.69620885  0.00000000  39.47169385  115.62453762  0.00000000  
-15.56742457  -43.83200067  0.00000000  39.47169260  115.62453538  0.00000000  
-15.78315650  -43.98634505  0.00000000  39.47169118  115.62453290  0.00000000  
-15.98058734  -44.12542706  0.00000000  39.47168990  115.62453063  0.00000000  
-16.15367884  -44.24822876  0.00000000  39.47168877  115.62452864  0.00000000  
-16.34937238  -44.38622716  0.00000000  39.47168750  115.62452639  0.00000000  
-16.51637483  -44.50468131  0.00000000  39.47168641  115.62452447  0.00000000  
-16.68769515  -44.62417966  0.00000000  39.47168531  115.62452250  0.00000000  
-16.91904601  -44.78716657  0.00000000  39.47168381  115.62451984  0.00000000  
-17.10257838  -44.91757973  0.00000000  39.47168261  115.62451773  0.00000000  
-17.27130122  -45.03600760  0.00000000  39.47168152  115.62451579  0.00000000  
-17.46179979  -45.17186503  0.00000000  39.47168027  115.62451360  0.00000000  
-17.65921375  -45.30983714  0.00000000  39.47167900  115.62451133  0.00000000  
-17.83922069  -45.43475349  0.00000000  39.47167785  115.62450926  0.00000000  
-18.04447799  -45.57926659  0.00000000  39.47167652  115.62450690  0.00000000  
-18.23146808  -45.71073707  0.00000000  39.47167531  115.62450475  0.00000000  
-18.44365772  -45.85847472  0.00000000  39.47167395  115.62450231  0.00000000  
-18.63847421  -45.99537633  0.00000000  39.47167269  115.62450007  0.00000000  
-18.85675294  -46.14746151  0.00000000  39.47167129  115.62449756  0.00000000  
-19.05676446  -46.28650405  0.00000000  39.47167001  115.62449526  0.00000000  
-19.28286959  -46.44402036  0.00000000  39.47166856  115.62449266  0.00000000  
-19.46633427  -46.56999402  0.00000000  39.47166740  115.62449055  0.00000000  
-19.72111360  -46.74594469  0.00000000  39.47166578  115.62448762  0.00000000  
-19.92982867  -46.89151509  0.00000000  39.47166444  115.62448522  0.00000000  
-20.16376023  -47.05446252  0.00000000  39.47166294  115.62448253  0.00000000  
-20.35240300  -47.18146723  0.00000000  39.47166177  115.62448036  0.00000000  
-20.54109660  -47.31180153  0.00000000  39.47166057  115.62447819  0.00000000  
-20.70632798  -47.42695226  0.00000000  39.47165951  115.62447629  0.00000000  
-20.92109827  -47.57465045  0.00000000  39.47165815  115.62447382  0.00000000  
-21.16019100  -47.73751907  0.00000000  39.47165665  115.62447107  0.00000000  
-21.37663087  -47.88186140  0.00000000  39.47165532  115.62446858  0.00000000  
-21.61835500  -48.04802020  0.00000000  39.47165379  115.62446580  0.00000000  
-21.83749404  -48.20009216  0.00000000  39.47165239  115.62446328  0.00000000  
-22.08353607  -48.36729516  0.00000000  39.47165085  115.62446045  0.00000000  
-22.28175956  -48.50192444  0.00000000  39.47164961  115.62445817  0.00000000  
-22.47910592  -48.63545697  0.00000000  39.47164838  115.62445590  0.00000000  
-22.65211292  -48.75270922  0.00000000  39.47164730  115.62445391  0.00000000  
-22.82684030  -48.86993519  0.00000000  39.47164622  115.62445190  0.00000000  
-23.00158463  -48.98827103  0.00000000  39.47164513  115.62444989  0.00000000  
-23.22758828  -49.13912805  0.00000000  39.47164374  115.62444729  0.00000000  
-23.45362582  -49.29220479  0.00000000  39.47164233  115.62444469  0.00000000  
-23.70658330  -49.46152242  0.00000000  39.47164077  115.62444178  0.00000000  
-23.93263780  -49.61570901  0.00000000  39.47163935  115.62443918  0.00000000  
-24.18905301  -49.78608396  0.00000000  39.47163778  115.62443623  0.00000000  
-24.42023477  -49.93797203  0.00000000  39.47163638  115.62443357  0.00000000  
-24.65143348  -50.09096995  0.00000000  39.47163497  115.62443091  0.00000000  
-24.91044622  -50.26241535  0.00000000  39.47163339  115.62442793  0.00000000  
-25.17031915  -50.43384762  0.00000000  39.47163181  115.62442494  0.00000000  
-25.40495865  -50.58679299  0.00000000  39.47163040  115.62442224  0.00000000  
-25.66569179  -50.75821211  0.00000000  39.47162882  115.62441924  0.00000000  
-25.90034825  -50.91226733  0.00000000  39.47162740  115.62441654  0.00000000  
-26.16194161  -51.08367330  0.00000000  39.47162582  115.62441353  0.00000000  
-26.37139850  -51.22146136  0.00000000  39.47162455  115.62441112  0.00000000  
-26.58171559  -51.35923629  0.00000000  39.47162328  115.62440870  0.00000000  
-26.76595599  -51.47964733  0.00000000  39.47162217  115.62440658  0.00000000  
-26.95019638  -51.60005836  0.00000000  39.47162106  115.62440446  0.00000000  
-27.13536474  -51.72489571  0.00000000  39.47161991  115.62440233  0.00000000  
-27.37349589  -51.88111810  0.00000000  39.47161847  115.62439959  0.00000000  
-27.60992362  -52.03847660  0.00000000  39.47161702  115.62439687  0.00000000  
-27.87246195  -52.21541869  0.00000000  39.47161539  115.62439385  0.00000000  
-28.10978377  -52.37498378  0.00000000  39.47161392  115.62439112  0.00000000  
-28.37056786  -52.54973239  0.00000000  39.47161231  115.62438812  0.00000000  
-28.60527526  -52.70711713  0.00000000  39.47161086  115.62438542  0.00000000  
-28.86346187  -52.88079526  0.00000000  39.47160926  115.62438245  0.00000000  
-29.09130472  -53.03939489  0.00000000  39.47160780  115.62437983  0.00000000  
-29.34605060  -53.21312553  0.00000000  39.47160620  115.62437690  0.00000000  
-29.57298245  -53.36840869  0.00000000  39.47160477  115.62437429  0.00000000  
-29.82342742  -53.54220497  0.00000000  39.47160317  115.62437141  0.00000000  
-29.99645158  -53.66056691  0.00000000  39.47160208  115.62436942  0.00000000  
-30.16863251  -53.78005185  0.00000000  39.47160098  115.62436744  0.00000000  
-30.38952614  -53.93431704  0.00000000  39.47159956  115.62436490  0.00000000  
-30.58518629  -54.07009537  0.00000000  39.47159831  115.62436265  0.00000000  
-30.75480361  -54.19072955  0.00000000  39.47159720  115.62436070  0.00000000  
-30.97222263  -54.34282752  0.00000000  39.47159580  115.62435820  0.00000000  
-31.21055725  -54.51236814  0.00000000  39.47159424  115.62435546  0.00000000  
-31.40019612  -54.64823837  0.00000000  39.47159299  115.62435328  0.00000000  
-31.58980111  -54.78188886  0.00000000  39.47159176  115.62435110  0.00000000  
-31.75511752  -54.90258868  0.00000000  39.47159065  115.62434920  0.00000000  
-31.92038311  -55.01995890  0.00000000  39.47158957  115.62434730  0.00000000  
-32.08306814  -55.13736851  0.00000000  39.47158849  115.62434543  0.00000000  
-32.29188532  -55.28959777  0.00000000  39.47158709  115.62434303  0.00000000  
-32.49984233  -55.44184015  0.00000000  39.47158569  115.62434064  0.00000000  
-32.72955819  -55.61040218  0.00000000  39.47158414  115.62433800  0.00000000  
-32.93491771  -55.76157408  0.00000000  39.47158275  115.62433564  0.00000000  
-33.16115895  -55.92796890  0.00000000  39.47158122  115.62433304  0.00000000  
-33.36306079  -56.07808345  0.00000000  39.47157984  115.62433072  0.00000000  
-33.58672148  -56.24451765  0.00000000  39.47157831  115.62432815  0.00000000  
-33.78607666  -56.39689132  0.00000000  39.47157691  115.62432586  0.00000000  
-34.00626273  -56.56115831  0.00000000  39.47157540  115.62432333  0.00000000  
-34.18121073  -56.69281225  0.00000000  39.47157419  115.62432132  0.00000000  
-34.35703586  -56.82556293  0.00000000  39.47157297  115.62431930  0.00000000  
-34.59552312  -57.00509221  0.00000000  39.47157132  115.62431656  0.00000000  
-34.76529306  -57.13571507  0.00000000  39.47157012  115.62431461  0.00000000  
-34.97942397  -57.29785423  0.00000000  39.47156863  115.62431215  0.00000000  
-35.15005411  -57.42846395  0.00000000  39.47156743  115.62431019  0.00000000  
-35.31893000  -57.55688021  0.00000000  39.47156625  115.62430825  0.00000000  
-35.48694569  -57.68530959  0.00000000  39.47156507  115.62430632  0.00000000  
-35.67584313  -57.82896188  0.00000000  39.47156375  115.62430415  0.00000000  
-35.88300786  -57.98565676  0.00000000  39.47156231  115.62430177  0.00000000  
-36.06757048  -58.12715498  0.00000000  39.47156101  115.62429965  0.00000000  
-36.25213311  -58.26865319  0.00000000  39.47155971  115.62429753  0.00000000  
-36.43581861  -58.40905468  0.00000000  39.47155842  115.62429542  0.00000000  
-36.65868703  -58.57994137  0.00000000  39.47155685  115.62429286  0.00000000  
-36.82145693  -58.70290021  0.00000000  39.47155572  115.62429099  0.00000000  
-36.98248950  -58.82477543  0.00000000  39.47155460  115.62428914  0.00000000  
-37.22623969  -59.01088503  0.00000000  39.47155289  115.62428634  0.00000000  
-37.43337059  -59.16536014  0.00000000  39.47155147  115.62428396  0.00000000  
-37.61965364  -59.30683206  0.00000000  39.47155017  115.62428182  0.00000000  
-37.82939901  -59.46348749  0.00000000  39.47154873  115.62427941  0.00000000  
-38.01910590  -59.60379701  0.00000000  39.47154744  115.62427723  0.00000000  
-38.23058860  -59.76153602  0.00000000  39.47154599  115.62427480  0.00000000  
-38.42290995  -59.90402586  0.00000000  39.47154468  115.62427259  0.00000000  
-38.61693475  -60.04537957  0.00000000  39.47154338  115.62427036  0.00000000  
-38.83184129  -60.20195618  0.00000000  39.47154194  115.62426789  0.00000000  
-39.02586609  -60.34330988  0.00000000  39.47154064  115.62426566  0.00000000  
-39.24333628  -60.49873721  0.00000000  39.47153921  115.62426316  0.00000000  
-39.41642852  -60.62153841  0.00000000  39.47153808  115.62426117  0.00000000  
-39.65388639  -60.78998205  0.00000000  39.47153653  115.62425844  0.00000000  
-39.84784345  -60.92689627  0.00000000  39.47153527  115.62425621  0.00000000  
-40.06089411  -61.07462021  0.00000000  39.47153391  115.62425376  0.00000000  
-40.25134265  -61.20714750  0.00000000  39.47153269  115.62425157  0.00000000  
-40.46351620  -61.35377470  0.00000000  39.47153134  115.62424913  0.00000000  
-40.63392625  -61.46995608  0.00000000  39.47153027  115.62424717  0.00000000  
-40.82344685  -61.59805704  0.00000000  39.47152909  115.62424499  0.00000000  
-41.03209494  -61.73918744  0.00000000  39.47152779  115.62424259  0.00000000  
-41.21984434  -61.86398506  0.00000000  39.47152664  115.62424043  0.00000000  
-41.42842466  -62.00067600  0.00000000  39.47152538  115.62423803  0.00000000  
-41.61355962  -62.12329329  0.00000000  39.47152425  115.62423590  0.00000000  
-41.81863143  -62.25559729  0.00000000  39.47152303  115.62423354  0.00000000  
-42.00283843  -62.37378825  0.00000000  39.47152194  115.62423142  0.00000000  
-42.20445255  -62.50503491  0.00000000  39.47152073  115.62422910  0.00000000  
-42.40773622  -62.63292571  0.00000000  39.47151955  115.62422676  0.00000000  
-42.61098602  -62.75859678  0.00000000  39.47151839  115.62422442  0.00000000  
-42.79423119  -62.87014167  0.00000000  39.47151736  115.62422231  0.00000000  
-42.97661617  -62.98169970  0.00000000  39.47151633  115.62422021  0.00000000  
-43.18065839  -63.10291817  0.00000000  39.47151521  115.62421786  0.00000000  
-43.38291247  -63.21972345  0.00000000  39.47151413  115.62421553  0.00000000  
-43.58427246  -63.33432213  0.00000000  39.47151307  115.62421321  0.00000000  
-43.76478459  -63.43591763  0.00000000  39.47151213  115.62421113  0.00000000  
-43.94698322  -63.53526714  0.00000000  39.47151121  115.62420903  0.00000000  
-44.14822462  -63.64209677  0.00000000  39.47151022  115.62420671  0.00000000  
-44.34860584  -63.74893952  0.00000000  39.47150923  115.62420440  0.00000000  
-44.52813919  -63.84277910  0.00000000  39.47150836  115.62420233  0.00000000  
-44.72931283  -63.94516926  0.00000000  39.47150741  115.62420001  0.00000000  
-44.91223611  -64.03562671  0.00000000  39.47150657  115.62419790  0.00000000  
-45.11769376  -64.13684134  0.00000000  39.47150563  115.62419553  0.00000000  
-45.30490105  -64.22612325  0.00000000  39.47150480  115.62419337  0.00000000  
-45.53975766  -64.33688011  0.00000000  39.47150377  115.62419066  0.00000000  
-45.73381258  -64.42383723  0.00000000  39.47150296  115.62418842  0.00000000  
-45.95212226  -64.52152524  0.00000000  39.47150205  115.62418590  0.00000000  
-46.15132138  -64.60729369  0.00000000  39.47150125  115.62418360  0.00000000  
-46.37561851  -64.70267004  0.00000000  39.47150036  115.62418101  0.00000000  
-46.58077119  -64.78390709  0.00000000  39.47149960  115.62417864  0.00000000  
-46.83520884  -64.88104349  0.00000000  39.47149869  115.62417570  0.00000000  
-47.06883250  -64.96739645  0.00000000  39.47149788  115.62417300  0.00000000  
-47.28079893  -65.04408897  0.00000000  39.47149716  115.62417055  0.00000000  
-47.49438407  -65.11409604  0.00000000  39.47149650  115.62416808  0.00000000  
-47.73045276  -65.19153067  0.00000000  39.47149577  115.62416535  0.00000000  
-47.94481337  -65.25597528  0.00000000  39.47149516  115.62416287  0.00000000  
-48.18244994  -65.32339487  0.00000000  39.47149452  115.62416012  0.00000000  
-48.39670889  -65.38118029  0.00000000  39.47149397  115.62415764  0.00000000  
-48.63680741  -65.44079143  0.00000000  39.47149340  115.62415486  0.00000000  
-48.85354527  -65.49187825  0.00000000  39.47149291  115.62415235  0.00000000  
-49.09435148  -65.54148748  0.00000000  39.47149243  115.62414956  0.00000000  
-49.31093683  -65.58258552  0.00000000  39.47149203  115.62414705  0.00000000  
-49.55162443  -65.62442569  0.00000000  39.47149162  115.62414426  0.00000000  
-49.76812506  -65.65997441  0.00000000  39.47149127  115.62414175  0.00000000  
-50.00955424  -65.69403240  0.00000000  39.47149093  115.62413895  0.00000000  
-50.22763969  -65.72067593  0.00000000  39.47149066  115.62413642  0.00000000  
-50.47235712  -65.74469260  0.00000000  39.47149041  115.62413358  0.00000000  
-50.78936436  -65.76982577  0.00000000  39.47149014  115.62412990  0.00000000  
-51.00808971  -65.78202793  0.00000000  39.47149000  115.62412736  0.00000000  
-51.24916304  -65.79277875  0.00000000  39.47148987  115.62412456  0.00000000  
-51.49183813  -65.79573426  0.00000000  39.47148981  115.62412174  0.00000000  
-51.75939093  -65.79386943  0.00000000  39.47148979  115.62411863  0.00000000  
-52.02770225  -65.78533228  0.00000000  39.47148983  115.62411551  0.00000000  
-52.27014010  -65.77274968  0.00000000  39.47148991  115.62411269  0.00000000  
-52.51340425  -65.75793422  0.00000000  39.47149001  115.62410986  0.00000000  
-52.75653283  -65.73423984  0.00000000  39.47149019  115.62410703  0.00000000  
-53.07174786  -65.69834359  0.00000000  39.47149047  115.62410336  0.00000000  
-53.31302049  -65.66579655  0.00000000  39.47149073  115.62410055  0.00000000  
-53.53108495  -65.63471399  0.00000000  39.47149098  115.62409801  0.00000000  
-53.77308220  -65.59327491  0.00000000  39.47149132  115.62409519  0.00000000  
-53.98841358  -65.55224297  0.00000000  39.47149166  115.62409268  0.00000000  
-54.22939812  -65.50082824  0.00000000  39.47149209  115.62408987  0.00000000  
-54.44543717  -65.44979439  0.00000000  39.47149252  115.62408735  0.00000000  
-54.65973888  -65.39767693  0.00000000  39.47149296  115.62408485  0.00000000  
-54.89971071  -65.33628655  0.00000000  39.47149348  115.62408205  0.00000000  
-55.11389380  -65.27640004  0.00000000  39.47149399  115.62407955  0.00000000  
-55.32713196  -65.21097734  0.00000000  39.47149455  115.62407706  0.00000000  
-55.53863280  -65.14447105  0.00000000  39.47149512  115.62407459  0.00000000  
-55.75180317  -65.07460889  0.00000000  39.47149572  115.62407210  0.00000000  
-55.96407946  -65.00254013  0.00000000  39.47149634  115.62406962  0.00000000  
-56.19850037  -64.91570166  0.00000000  39.47149709  115.62406688  0.00000000  
-56.43115005  -64.82555987  0.00000000  39.47149787  115.62406416  0.00000000  
-56.66369804  -64.72875889  0.00000000  39.47149871  115.62406144  0.00000000  
-56.86973269  -64.64235383  0.00000000  39.47149946  115.62405903  0.00000000  
-57.09701786  -64.53897246  0.00000000  39.47150036  115.62405637  0.00000000  
-57.30121348  -64.44482462  0.00000000  39.47150118  115.62405398  0.00000000  
-57.48139159  -64.35548398  0.00000000  39.47150196  115.62405187  0.00000000  
-57.72552466  -64.22853279  0.00000000  39.47150307  115.62404901  0.00000000  
-57.94314436  -64.11197752  0.00000000  39.47150409  115.62404646  0.00000000  
-58.13936101  -64.00240978  0.00000000  39.47150505  115.62404416  0.00000000  
-58.35514170  -63.87811173  0.00000000  39.47150614  115.62404163  0.00000000  
-58.54607858  -63.76085374  0.00000000  39.47150717  115.62403939  0.00000000  
-58.73617221  -63.64471875  0.00000000  39.47150819  115.62403716  0.00000000  
-58.94404171  -63.50944026  0.00000000  39.47150938  115.62403472  0.00000000  
-59.13059289  -63.38669862  0.00000000  39.47151046  115.62403253  0.00000000  
-59.33405975  -63.24482661  0.00000000  39.47151171  115.62403014  0.00000000  
-59.51622524  -63.11660132  0.00000000  39.47151284  115.62402800  0.00000000  
-59.71700983  -62.96810953  0.00000000  39.47151415  115.62402564  0.00000000  
-59.93390076  -62.80383010  0.00000000  39.47151560  115.62402309  0.00000000  
-60.16769042  -62.61931043  0.00000000  39.47151723  115.62402034  0.00000000  
-60.33841921  -62.47460792  0.00000000  39.47151851  115.62401833  0.00000000  
-60.52611452  -62.31410464  0.00000000  39.47151993  115.62401612  0.00000000  
-60.75113279  -62.11861767  0.00000000  39.47152166  115.62401347  0.00000000  
-60.93184489  -61.95156027  0.00000000  39.47152314  115.62401134  0.00000000  
-61.10911623  -61.78455541  0.00000000  39.47152462  115.62400925  0.00000000  
-61.28721385  -61.61531768  0.00000000  39.47152612  115.62400715  0.00000000  
-61.51175756  -61.38875453  0.00000000  39.47152813  115.62400450  0.00000000  
-61.68374910  -61.21405942  0.00000000  39.47152968  115.62400247  0.00000000  
-61.83528253  -61.05188803  0.00000000  39.47153112  115.62400068  0.00000000  
-62.00206209  -60.87394214  0.00000000  39.47153270  115.62399871  0.00000000  
-62.21699115  -60.63753468  0.00000000  39.47153480  115.62399617  0.00000000  
-62.37849092  -60.45189854  0.00000000  39.47153645  115.62399426  0.00000000  
-62.52307502  -60.28539277  0.00000000  39.47153793  115.62399255  0.00000000  
-62.68545192  -60.10085335  0.00000000  39.47153957  115.62399063  0.00000000  
-62.83824810  -59.90868938  0.00000000  39.47154128  115.62398882  0.00000000  
-62.99450197  -59.71758272  0.00000000  39.47154298  115.62398697  0.00000000  
-63.13301388  -59.54783929  0.00000000  39.47154449  115.62398533  0.00000000  
-63.26717399  -59.37483194  0.00000000  39.47154603  115.62398374  0.00000000  
-63.40480875  -59.20399178  0.00000000  39.47154755  115.62398211  0.00000000  
-63.57372816  -58.99715000  0.00000000  39.47154939  115.62398011  0.00000000  
-63.70530769  -58.82418205  0.00000000  39.47155093  115.62397855  0.00000000  
-63.84120510  -58.65225829  0.00000000  39.47155246  115.62397694  0.00000000  
-63.99057742  -58.46125669  0.00000000  39.47155416  115.62397517  0.00000000  
-64.12212303  -58.28606900  0.00000000  39.47155572  115.62397361  0.00000000  
-64.25623225  -58.10973205  0.00000000  39.47155729  115.62397202  0.00000000  
-64.40295619  -57.91433039  0.00000000  39.47155903  115.62397028  0.00000000  
-64.55138355  -57.71779260  0.00000000  39.47156078  115.62396852  0.00000000  
-64.68375544  -57.54037205  0.00000000  39.47156236  115.62396695  0.00000000  
-64.84560684  -57.32142683  0.00000000  39.47156431  115.62396503  0.00000000  
-64.99054259  -57.12161199  0.00000000  39.47156609  115.62396331  0.00000000  
-65.12116017  -56.94199797  0.00000000  39.47156769  115.62396176  0.00000000  
-65.26521876  -56.74108639  0.00000000  39.47156948  115.62396005  0.00000000  
-65.39666263  -56.55923950  0.00000000  39.47157110  115.62395849  0.00000000  
-65.53898388  -56.35724432  0.00000000  39.47157290  115.62395680  0.00000000  
-65.68128818  -56.15413928  0.00000000  39.47157471  115.62395511  0.00000000  
-65.85140246  -55.91286543  0.00000000  39.47157686  115.62395309  0.00000000  
-65.99198636  -55.70978665  0.00000000  39.47157867  115.62395142  0.00000000  
-66.11740887  -55.52803169  0.00000000  39.47158029  115.62394993  0.00000000  
-66.25800971  -55.32606277  0.00000000  39.47158209  115.62394826  0.00000000  
-66.38344916  -55.14541768  0.00000000  39.47158370  115.62394677  0.00000000  
-66.51148611  -54.96584304  0.00000000  39.47158530  115.62394525  0.00000000  
-66.66554488  -54.74368641  0.00000000  39.47158728  115.62394342  0.00000000  
-66.80698893  -54.54059448  0.00000000  39.47158909  115.62394174  0.00000000  
-66.97452257  -54.29936001  0.00000000  39.47159124  115.62393975  0.00000000  
-67.11424622  -54.09629434  0.00000000  39.47159305  115.62393809  0.00000000  
-67.25484700  -53.89432540  0.00000000  39.47159485  115.62393642  0.00000000  
-67.39543083  -53.69124659  0.00000000  39.47159666  115.62393475  0.00000000  
-67.52426014  -53.50721934  0.00000000  39.47159830  115.62393322  0.00000000  
-67.66990339  -53.29740254  0.00000000  39.47160017  115.62393149  0.00000000  
-67.78606713  -53.12911040  0.00000000  39.47160167  115.62393011  0.00000000  
-67.95193118  -52.89123177  0.00000000  39.47160379  115.62392814  0.00000000  
-68.08917590  -52.69486467  0.00000000  39.47160554  115.62392651  0.00000000  
-68.22721302  -52.49404498  0.00000000  39.47160733  115.62392487  0.00000000  
-68.36697050  -52.29319901  0.00000000  39.47160912  115.62392321  0.00000000  
-68.54037283  -52.04188379  0.00000000  39.47161136  115.62392115  0.00000000  
-68.66576132  -51.85790906  0.00000000  39.47161300  115.62391966  0.00000000  
-68.84332898  -51.59764925  0.00000000  39.47161532  115.62391755  0.00000000  
-68.98892132  -51.38450283  0.00000000  39.47161722  115.62391582  0.00000000  
-69.15213693  -51.14222412  0.00000000  39.47161938  115.62391388  0.00000000  
-69.31621273  -50.89993227  0.00000000  39.47162154  115.62391193  0.00000000  
-69.44827931  -50.70253410  0.00000000  39.47162330  115.62391036  0.00000000  
-69.59798611  -50.47711349  0.00000000  39.47162531  115.62390858  0.00000000  
-69.77961737  -50.20124990  0.00000000  39.47162777  115.62390642  0.00000000  
-69.94354058  -49.94896927  0.00000000  39.47163002  115.62390447  0.00000000  
-70.07381896  -49.74715790  0.00000000  39.47163182  115.62390292  0.00000000  
-70.20495752  -49.54533339  0.00000000  39.47163362  115.62390136  0.00000000  
-70.31752786  -49.36710499  0.00000000  39.47163521  115.62390002  0.00000000  
-70.44691213  -49.16308702  0.00000000  39.47163703  115.62389848  0.00000000  
-70.59138996  -48.93330576  0.00000000  39.47163908  115.62389676  0.00000000  
-70.75010115  -48.67777434  0.00000000  39.47164136  115.62389487  0.00000000  
-70.87601076  -48.47158918  0.00000000  39.47164320  115.62389337  0.00000000  
-71.03126423  -48.21500043  0.00000000  39.47164549  115.62389152  0.00000000  
-71.18476342  -47.95621823  0.00000000  39.47164780  115.62388969  0.00000000  
-71.30721530  -47.74897574  0.00000000  39.47164965  115.62388823  0.00000000  
-71.41543380  -47.56748341  0.00000000  39.47165127  115.62388694  0.00000000  
-71.54952153  -47.33342031  0.00000000  39.47165336  115.62388534  0.00000000  
-71.68532962  -47.09933093  0.00000000  39.47165545  115.62388372  0.00000000  
-71.82026056  -46.86414483  0.00000000  39.47165755  115.62388211  0.00000000  
-71.96595021  -46.60104137  0.00000000  39.47165990  115.62388037  0.00000000  
-72.11250005  -46.33792478  0.00000000  39.47166225  115.62387862  0.00000000  
-72.22887972  -46.12744465  0.00000000  39.47166413  115.62387723  0.00000000  
-72.35775542  -45.89013075  0.00000000  39.47166625  115.62387569  0.00000000  
-72.50084753  -45.62595684  0.00000000  39.47166861  115.62387398  0.00000000  
-72.62882912  -45.38643635  0.00000000  39.47167075  115.62387245  0.00000000  
-72.76842962  -45.11898538  0.00000000  39.47167314  115.62387078  0.00000000  
-72.89297045  -44.87951743  0.00000000  39.47167528  115.62386929  0.00000000  
-73.01924860  -44.64113307  0.00000000  39.47167741  115.62386778  0.00000000  
-73.15883211  -44.37257223  0.00000000  39.47167981  115.62386611  0.00000000  
-73.25318584  -44.18463088  0.00000000  39.47168149  115.62386498  0.00000000  
-73.34841669  -43.99778624  0.00000000  39.47168316  115.62386384  0.00000000  
-73.48627981  -43.72925167  0.00000000  39.47168556  115.62386219  0.00000000  
-73.59398974  -43.51446342  0.00000000  39.47168748  115.62386090  0.00000000  
-73.68662306  -43.32654832  0.00000000  39.47168916  115.62385979  0.00000000  
-73.78099371  -43.13971682  0.00000000  39.47169083  115.62385866  0.00000000  
-73.90121660  -42.89920467  0.00000000  39.47169298  115.62385722  0.00000000  
-73.99383296  -42.71017971  0.00000000  39.47169467  115.62385611  0.00000000  
-74.08562303  -42.52338761  0.00000000  39.47169634  115.62385501  0.00000000  
-74.20584590  -42.28287546  0.00000000  39.47169849  115.62385357  0.00000000  
-74.29849614  -42.09607022  0.00000000  39.47170016  115.62385246  0.00000000  
-74.41785881  -41.85557120  0.00000000  39.47170231  115.62385103  0.00000000  
-74.55143786  -41.58821215  0.00000000  39.47170470  115.62384943  0.00000000  
-74.65746125  -41.37566988  0.00000000  39.47170660  115.62384816  0.00000000  
-74.76432787  -41.16200461  0.00000000  39.47170851  115.62384688  0.00000000  
-74.85697809  -40.97519936  0.00000000  39.47171018  115.62384577  0.00000000  
-74.94962830  -40.78839412  0.00000000  39.47171185  115.62384466  0.00000000  
-75.04313870  -40.60157573  0.00000000  39.47171352  115.62384354  0.00000000  
-75.16250131  -40.36107670  0.00000000  39.47171567  115.62384211  0.00000000  
-75.28102068  -40.12170066  0.00000000  39.47171781  115.62384069  0.00000000  
-75.37368783  -39.93600527  0.00000000  39.47171947  115.62383958  0.00000000  
-75.48055440  -39.72233999  0.00000000  39.47172138  115.62383830  0.00000000  
-75.58657774  -39.50979770  0.00000000  39.47172328  115.62383703  0.00000000  
-75.67924487  -39.32410231  0.00000000  39.47172494  115.62383592  0.00000000  
-75.79867524  -39.08804271  0.00000000  39.47172705  115.62383449  0.00000000  
-75.93318217  -38.82510995  0.00000000  39.47172940  115.62383288  0.00000000  
-76.02498910  -38.63942769  0.00000000  39.47173106  115.62383178  0.00000000  
-76.14615677  -38.40445168  0.00000000  39.47173316  115.62383033  0.00000000  
-76.24056119  -38.21983987  0.00000000  39.47173481  115.62382920  0.00000000  
-76.36260599  -37.98596058  0.00000000  39.47173690  115.62382774  0.00000000  
-76.49799002  -37.72412453  0.00000000  39.47173924  115.62382612  0.00000000  
-76.60750489  -37.51485928  0.00000000  39.47174111  115.62382481  0.00000000  
-76.74548642  -37.25409368  0.00000000  39.47174344  115.62382316  0.00000000  
-76.88264164  -36.99556094  0.00000000  39.47174575  115.62382152  0.00000000  
-76.99303363  -36.78739240  0.00000000  39.47174761  115.62382020  0.00000000  
-77.10514598  -36.57919759  0.00000000  39.47174947  115.62381886  0.00000000  
-77.20474537  -36.39672667  0.00000000  39.47175110  115.62381767  0.00000000  
-77.33196817  -36.16387841  0.00000000  39.47175318  115.62381615  0.00000000  
-77.47689893  -35.90744716  0.00000000  39.47175547  115.62381442  0.00000000  
-77.59164267  -35.70254252  0.00000000  39.47175730  115.62381305  0.00000000  
-77.70895000  -35.49648860  0.00000000  39.47175914  115.62381165  0.00000000  
-77.81030363  -35.31621113  0.00000000  39.47176075  115.62381044  0.00000000  
-77.94096714  -35.08331031  0.00000000  39.47176283  115.62380888  0.00000000  
-78.09023269  -34.82903309  0.00000000  39.47176510  115.62380710  0.00000000  
-78.21013751  -34.62404962  0.00000000  39.47176693  115.62380567  0.00000000  
-78.34601296  -34.39439956  0.00000000  39.47176898  115.62380405  0.00000000  
-78.49782514  -34.13786319  0.00000000  39.47177127  115.62380224  0.00000000  
-78.63542094  -33.90818686  0.00000000  39.47177332  115.62380060  0.00000000  
-78.77475406  -33.67959411  0.00000000  39.47177536  115.62379894  0.00000000  
-78.94515130  -33.40057146  0.00000000  39.47177785  115.62379691  0.00000000  
-79.10214151  -33.14506613  0.00000000  39.47178013  115.62379504  0.00000000  
-79.22982184  -32.94218413  0.00000000  39.47178194  115.62379352  0.00000000  
-79.35837930  -32.74039886  0.00000000  39.47178374  115.62379199  0.00000000  
-79.46922880  -32.56219659  0.00000000  39.47178533  115.62379067  0.00000000  
-79.61289670  -32.33575787  0.00000000  39.47178735  115.62378896  0.00000000  
-79.77509882  -32.08350328  0.00000000  39.47178960  115.62378703  0.00000000  
-79.90107569  -31.88175741  0.00000000  39.47179140  115.62378553  0.00000000  
-80.04818431  -31.65526613  0.00000000  39.47179342  115.62378378  0.00000000  
-80.15992786  -31.47927043  0.00000000  39.47179499  115.62378245  0.00000000  
-80.29282010  -31.27963919  0.00000000  39.47179677  115.62378087  0.00000000  
-80.43992869  -31.05314790  0.00000000  39.47179879  115.62377912  0.00000000  
-80.57366415  -30.85239365  0.00000000  39.47180058  115.62377753  0.00000000  
-80.68888232  -30.67856512  0.00000000  39.47180213  115.62377616  0.00000000  
-80.82005416  -30.47896014  0.00000000  39.47180391  115.62377460  0.00000000  
-80.98750207  -30.23217602  0.00000000  39.47180611  115.62377261  0.00000000  
-81.15493301  -29.98428204  0.00000000  39.47180832  115.62377062  0.00000000  
-81.29040576  -29.78461136  0.00000000  39.47181010  115.62376901  0.00000000  
-81.42503526  -29.58606369  0.00000000  39.47181187  115.62376741  0.00000000  
-81.54455432  -29.41216946  0.00000000  39.47181342  115.62376599  0.00000000  
-81.69861212  -29.19001250  0.00000000  39.47181540  115.62376416  0.00000000  
-81.87034394  -28.94205281  0.00000000  39.47181761  115.62376212  0.00000000  
-82.00838026  -28.74123285  0.00000000  39.47181940  115.62376048  0.00000000  
-82.14473009  -28.54265889  0.00000000  39.47182117  115.62375886  0.00000000  
-82.26514320  -28.37097124  0.00000000  39.47182270  115.62375743  0.00000000  
-82.38553936  -28.19817372  0.00000000  39.47182424  115.62375600  0.00000000  
-82.50681265  -28.02647293  0.00000000  39.47182577  115.62375456  0.00000000  
-82.66341704  -27.80205682  0.00000000  39.47182777  115.62375270  0.00000000  
-82.82089857  -27.57873742  0.00000000  39.47182976  115.62375083  0.00000000  
-82.97925722  -27.35651475  0.00000000  39.47183174  115.62374895  0.00000000  
-83.15616702  -27.10958607  0.00000000  39.47183394  115.62374685  0.00000000  
-83.33388615  -26.85931466  0.00000000  39.47183617  115.62374474  0.00000000  
-83.49222782  -26.63598212  0.00000000  39.47183816  115.62374286  0.00000000  
-83.63114118  -26.43625885  0.00000000  39.47183994  115.62374121  0.00000000  
-83.75496107  -26.26229890  0.00000000  39.47184149  115.62373974  0.00000000  
-83.89731516  -26.06252308  0.00000000  39.47184327  115.62373805  0.00000000  
-84.07419100  -25.81337465  0.00000000  39.47184549  115.62373595  0.00000000  
-84.25275330  -25.56198021  0.00000000  39.47184773  115.62373383  0.00000000  
-84.39509042  -25.36109452  0.00000000  39.47184952  115.62373214  0.00000000  
-84.55510154  -25.13440609  0.00000000  39.47185154  115.62373024  0.00000000  
-84.74875727  -24.85724832  0.00000000  39.47185401  115.62372794  0.00000000  
-84.92816277  -24.60473087  0.00000000  39.47185626  115.62372581  0.00000000  
-85.06957185  -24.39941884  0.00000000  39.47185809  115.62372413  0.00000000  
-85.19588747  -24.21987014  0.00000000  39.47185969  115.62372263  0.00000000  
-85.32134290  -24.04033457  0.00000000  39.47186129  115.62372114  0.00000000  
-85.48126922  -23.80809681  0.00000000  39.47186336  115.62371924  0.00000000  
-85.60672463  -23.62856123  0.00000000  39.47186496  115.62371775  0.00000000  
-85.76751111  -23.39631032  0.00000000  39.47186703  115.62371584  0.00000000  
-85.94595465  -23.13714680  0.00000000  39.47186934  115.62371372  0.00000000  
-86.08818996  -22.92960190  0.00000000  39.47187119  115.62371203  0.00000000  
-86.23042527  -22.72205699  0.00000000  39.47187304  115.62371034  0.00000000  
-86.35500351  -22.54142467  0.00000000  39.47187465  115.62370886  0.00000000  
-86.51577300  -22.30806388  0.00000000  39.47187673  115.62370695  0.00000000  
-86.67652552  -22.07359322  0.00000000  39.47187882  115.62370504  0.00000000  
-86.83555767  -21.83914884  0.00000000  39.47188091  115.62370315  0.00000000  
-86.99546694  -21.60580117  0.00000000  39.47188299  115.62370125  0.00000000  
-87.12087143  -21.42293598  0.00000000  39.47188462  115.62369976  0.00000000  
-87.26398382  -21.21648778  0.00000000  39.47188646  115.62369806  0.00000000  
-87.42559648  -20.98200396  0.00000000  39.47188855  115.62369614  0.00000000  
-87.60574332  -20.72170427  0.00000000  39.47189087  115.62369400  0.00000000  
-87.76907633  -20.48719417  0.00000000  39.47189296  115.62369206  0.00000000  
-87.95011723  -20.22910105  0.00000000  39.47189526  115.62368991  0.00000000  
-88.09491604  -20.02040683  0.00000000  39.47189712  115.62368819  0.00000000  
-88.22118066  -19.83752848  0.00000000  39.47189875  115.62368669  0.00000000  
-88.34747918  -19.65686986  0.00000000  39.47190036  115.62368519  0.00000000  
-88.47544720  -19.47285537  0.00000000  39.47190200  115.62368367  0.00000000  
-88.63878016  -19.23834525  0.00000000  39.47190409  115.62368173  0.00000000  
-88.80037579  -19.00275155  0.00000000  39.47190619  115.62367981  0.00000000  
-88.96456891  -18.76822828  0.00000000  39.47190828  115.62367786  0.00000000  
-89.14385545  -18.50794168  0.00000000  39.47191060  115.62367573  0.00000000  
-89.29037456  -18.29922116  0.00000000  39.47191246  115.62367399  0.00000000  
-89.41407553  -18.11749207  0.00000000  39.47191408  115.62367252  0.00000000  
-89.55887425  -17.90879782  0.00000000  39.47191594  115.62367080  0.00000000  
-89.72220714  -17.67428768  0.00000000  39.47191803  115.62366886  0.00000000  
-89.88550612  -17.43755780  0.00000000  39.47192014  115.62366692  0.00000000  
-90.04794490  -17.20084107  0.00000000  39.47192225  115.62366499  0.00000000  
-90.17506961  -17.01794955  0.00000000  39.47192388  115.62366348  0.00000000  
-90.32069458  -16.80702242  0.00000000  39.47192576  115.62366175  0.00000000  
-90.48315029  -16.57141553  0.00000000  39.47192786  115.62365982  0.00000000  
-90.66582661  -16.30774675  0.00000000  39.47193021  115.62365765  0.00000000  
-90.82909162  -16.06879713  0.00000000  39.47193234  115.62365571  0.00000000  
-91.01350524  -15.80621193  0.00000000  39.47193468  115.62365352  0.00000000  
-91.17594395  -15.56949517  0.00000000  39.47193679  115.62365159  0.00000000  
-91.36032365  -15.30469023  0.00000000  39.47193915  115.62364940  0.00000000  
-91.50938928  -15.09371052  0.00000000  39.47194103  115.62364763  0.00000000  
-91.67268815  -14.85698061  0.00000000  39.47194314  115.62364569  0.00000000  
-91.85705085  -14.59106580  0.00000000  39.47194551  115.62364350  0.00000000  
-92.02372262  -14.34984387  0.00000000  39.47194766  115.62364152  0.00000000  
-92.20896244  -14.08502578  0.00000000  39.47195002  115.62363932  0.00000000  
-92.35627376  -13.87185260  0.00000000  39.47195192  115.62363757  0.00000000  
-92.48505092  -13.68449531  0.00000000  39.47195359  115.62363604  0.00000000  
-92.65344301  -13.44324710  0.00000000  39.47195574  115.62363404  0.00000000  
-92.79987717  -13.22897718  0.00000000  39.47195765  115.62363230  0.00000000  
-92.93037468  -13.04159361  0.00000000  39.47195932  115.62363075  0.00000000  
-93.05999504  -12.85311331  0.00000000  39.47196100  115.62362921  0.00000000  
-93.26452740  -12.55580698  0.00000000  39.47196365  115.62362678  0.00000000  
-93.44966542  -12.28432967  0.00000000  39.47196607  115.62362458  0.00000000  
-93.59950636  -12.06778746  0.00000000  39.47196800  115.62362280  0.00000000  
-93.72737242  -11.87711370  0.00000000  39.47196970  115.62362128  0.00000000  
-93.89311608  -11.63146542  0.00000000  39.47197189  115.62361931  0.00000000  
-94.07735996  -11.35778151  0.00000000  39.47197433  115.62361712  0.00000000  
-94.24308664  -11.11102335  0.00000000  39.47197653  115.62361515  0.00000000  
-94.42469910  -10.83404926  0.00000000  39.47197900  115.62361299  0.00000000  
-94.58695112  -10.58512392  0.00000000  39.47198122  115.62361106  0.00000000  
-94.76680928  -10.30595637  0.00000000  39.47198371  115.62360892  0.00000000  
-94.89200996  -10.10977269  0.00000000  39.47198546  115.62360743  0.00000000  
-95.01547333  -9.91250542  0.00000000  39.47198722  115.62360596  0.00000000  
-95.17333963  -9.65809645  0.00000000  39.47198949  115.62360408  0.00000000  
-95.34712561  -9.37569127  0.00000000  39.47199201  115.62360201  0.00000000  
-95.51833102  -9.09332549  0.00000000  39.47199453  115.62359997  0.00000000  
-95.67187942  -8.83787234  0.00000000  39.47199681  115.62359814  0.00000000  
-95.84131358  -8.55220325  0.00000000  39.47199936  115.62359612  0.00000000  
-95.97373034  -8.32149554  0.00000000  39.47200142  115.62359454  0.00000000  
-96.09194778  -8.11875777  0.00000000  39.47200323  115.62359313  0.00000000  
-96.23846211  -7.85342095  0.00000000  39.47200560  115.62359138  0.00000000  
-96.33728523  -7.67651221  0.00000000  39.47200718  115.62359020  0.00000000  
-96.44943052  -7.47053682  0.00000000  39.47200902  115.62358886  0.00000000  
-96.60837290  -7.17392674  0.00000000  39.47201167  115.62358696  0.00000000  
-96.70458155  -6.99483769  0.00000000  39.47201327  115.62358581  0.00000000  
-96.82908708  -6.75314958  0.00000000  39.47201543  115.62358432  0.00000000  
-96.96342317  -6.47911778  0.00000000  39.47201788  115.62358271  0.00000000  
-97.05268254  -6.29569439  0.00000000  39.47201952  115.62358164  0.00000000  
-97.17453968  -6.04960624  0.00000000  39.47202172  115.62358018  0.00000000  
-97.30533331  -5.76896781  0.00000000  39.47202423  115.62357861  0.00000000  
-97.39106716  -5.58004765  0.00000000  39.47202592  115.62357758  0.00000000  
-97.51233094  -5.29511429  0.00000000  39.47202847  115.62357612  0.00000000  
-97.59372996  -5.10404009  0.00000000  39.47203018  115.62357514  0.00000000  
-97.69821389  -4.84711609  0.00000000  39.47203248  115.62357388  0.00000000  
-97.81337161  -4.55672538  0.00000000  39.47203508  115.62357249  0.00000000  
-97.88783829  -4.36242670  0.00000000  39.47203682  115.62357159  0.00000000  
-97.98363561  -4.10008476  0.00000000  39.47203917  115.62357043  0.00000000  
-98.07683542  -3.83667238  0.00000000  39.47204153  115.62356930  0.00000000  
-98.14521300  -3.63802622  0.00000000  39.47204331  115.62356847  0.00000000  
-98.23148048  -3.37138935  0.00000000  39.47204570  115.62356742  0.00000000  
-98.30619702  -3.13712246  0.00000000  39.47204780  115.62356651  0.00000000  
-98.38812967  -2.86833156  0.00000000  39.47205021  115.62356551  0.00000000  
-98.46660463  -2.59848335  0.00000000  39.47205263  115.62356455  0.00000000  
-98.53180829  -2.36103139  0.00000000  39.47205476  115.62356375  0.00000000  
-98.61056703  -2.05343470  0.00000000  39.47205752  115.62356278  0.00000000  
-98.66335958  -1.84836585  0.00000000  39.47205936  115.62356213  0.00000000  
-98.72883006  -1.57205555  0.00000000  39.47206184  115.62356132  0.00000000  
-98.78910554  -1.29360435  0.00000000  39.47206434  115.62356057  0.00000000  
-98.83236826  -1.08424058  0.00000000  39.47206622  115.62356003  0.00000000  
-98.87561403  -0.87376695  0.00000000  39.47206811  115.62355949  0.00000000  
-98.93187237  -0.55763296  0.00000000  39.47207095  115.62355878  0.00000000  
-98.97916033  -0.27382953  0.00000000  39.47207350  115.62355818  0.00000000  
-99.01493128  -0.02461580  0.00000000  39.47207574  115.62355772  0.00000000  
-99.05100296  0.26123655  0.00000000  39.47207831  115.62355725  0.00000000  
-99.07613403  0.47476386  0.00000000  39.47208023  115.62355692  0.00000000  
-99.10443016  0.76271768  0.00000000  39.47208282  115.62355654  0.00000000  
-99.12436622  0.97838588  0.00000000  39.47208476  115.62355627  0.00000000  
-99.14254801  1.19624752  0.00000000  39.47208672  115.62355602  0.00000000  
-99.15620409  1.48508785  0.00000000  39.47208932  115.62355581  0.00000000  
-99.17102109  1.81057993  0.00000000  39.47209225  115.62355558  0.00000000  
-99.17802051  2.02827077  0.00000000  39.47209421  115.62355546  0.00000000  
-99.17960013  2.31914687  0.00000000  39.47209683  115.62355539  0.00000000  
-99.17885791  2.53671946  0.00000000  39.47209879  115.62355536  0.00000000  
-99.17041608  2.86407651  0.00000000  39.47210174  115.62355540  0.00000000  
-99.15679621  3.19246460  0.00000000  39.47210470  115.62355550  0.00000000  
-99.14313431  3.41094996  0.00000000  39.47210667  115.62355562  0.00000000  
-99.12061188  3.70256804  0.00000000  39.47210930  115.62355583  0.00000000  
-99.08808496  4.02955720  0.00000000  39.47211225  115.62355615  0.00000000  
-99.06408393  4.24899476  0.00000000  39.47211423  115.62355639  0.00000000  
-99.02265446  4.53921391  0.00000000  39.47211685  115.62355682  0.00000000  
-98.98120805  4.83054293  0.00000000  39.47211948  115.62355725  0.00000000  
-98.93689730  5.08408405  0.00000000  39.47212177  115.62355772  0.00000000  
-98.87431490  5.40728376  0.00000000  39.47212469  115.62355839  0.00000000  
-98.82886019  5.62306325  0.00000000  39.47212664  115.62355888  0.00000000  
-98.75912951  5.90729950  0.00000000  39.47212921  115.62355964  0.00000000  
-98.68113166  6.22582326  0.00000000  39.47213209  115.62356049  0.00000000  
-98.62199882  6.43584321  0.00000000  39.47213399  115.62356114  0.00000000  
-98.53199235  6.75196330  0.00000000  39.47213685  115.62356213  0.00000000  
-98.46601197  6.95965841  0.00000000  39.47213873  115.62356286  0.00000000  
-98.37319203  7.23466101  0.00000000  39.47214122  115.62356389  0.00000000  
-98.29952089  7.43890829  0.00000000  39.47214307  115.62356471  0.00000000  
-98.19815001  7.71044991  0.00000000  39.47214553  115.62356584  0.00000000  
-98.07479993  8.01273922  0.00000000  39.47214827  115.62356722  0.00000000  
-97.98999730  8.21348611  0.00000000  39.47215009  115.62356817  0.00000000  
-97.86982112  8.47696964  0.00000000  39.47215248  115.62356952  0.00000000  
-97.73026323  8.77013041  0.00000000  39.47215514  115.62357109  0.00000000  
-97.63525712  8.96295059  0.00000000  39.47215689  115.62357216  0.00000000  
-97.49975027  9.21620885  0.00000000  39.47215919  115.62357369  0.00000000  
-97.36085357  9.46608497  0.00000000  39.47216146  115.62357526  0.00000000  
-97.23538512  9.68175242  0.00000000  39.47216342  115.62357668  0.00000000  
-97.06862358  9.95340537  0.00000000  39.47216589  115.62357857  0.00000000  
-96.95491390  10.13150828  0.00000000  39.47216751  115.62357986  0.00000000  
-96.79905094  10.36558355  0.00000000  39.47216964  115.62358163  0.00000000  
-96.67937086  10.54026490  0.00000000  39.47217123  115.62358299  0.00000000  
-96.51502477  10.76643975  0.00000000  39.47217329  115.62358486  0.00000000  
-96.32277995  11.01661114  0.00000000  39.47217557  115.62358705  0.00000000  
-96.19379047  11.18115921  0.00000000  39.47217707  115.62358852  0.00000000  
-96.01922395  11.40051723  0.00000000  39.47217907  115.62359051  0.00000000  
-95.83958113  11.61424709  0.00000000  39.47218102  115.62359256  0.00000000  
-95.68018019  11.79831285  0.00000000  39.47218270  115.62359438  0.00000000  
-95.49465173  12.00307185  0.00000000  39.47218457  115.62359650  0.00000000  
-95.28294491  12.23185368  0.00000000  39.47218666  115.62359892  0.00000000  
-95.14042991  12.38065347  0.00000000  39.47218802  115.62360055  0.00000000  
-94.92288831  12.59713484  0.00000000  39.47219000  115.62360304  0.00000000  
-94.77612328  12.74253935  0.00000000  39.47219133  115.62360472  0.00000000  
-94.57792949  12.93156321  0.00000000  39.47219306  115.62360699  0.00000000  
-94.35106155  13.13902117  0.00000000  39.47219496  115.62360959  0.00000000  
-94.12336736  13.34424628  0.00000000  39.47219684  115.62361220  0.00000000  
-93.97076756  13.47735034  0.00000000  39.47219806  115.62361395  0.00000000  
-93.73885724  13.67696045  0.00000000  39.47219989  115.62361661  0.00000000  
-93.58372777  13.80669551  0.00000000  39.47220108  115.62361839  0.00000000  
-93.37550005  13.97669406  0.00000000  39.47220264  115.62362078  0.00000000  
-93.13949228  14.16292014  0.00000000  39.47220435  115.62362349  0.00000000  
-92.98357046  14.28820262  0.00000000  39.47220550  115.62362528  0.00000000  
-92.77377498  14.44818614  0.00000000  39.47220697  115.62362769  0.00000000  
-92.56396255  14.60927953  0.00000000  39.47220845  115.62363010  0.00000000  
-92.37945136  14.74744682  0.00000000  39.47220972  115.62363222  0.00000000  
-92.14363011  14.92146443  0.00000000  39.47221132  115.62363493  0.00000000  
-91.91038942  15.09552146  0.00000000  39.47221292  115.62363761  0.00000000  
-91.67809367  15.26404233  0.00000000  39.47221447  115.62364028  0.00000000  
-91.42312811  15.45219914  0.00000000  39.47221620  115.62364321  0.00000000  
-91.19427310  15.62077256  0.00000000  39.47221775  115.62364584  0.00000000  
-90.94192201  15.80674908  0.00000000  39.47221946  115.62364874  0.00000000  
-90.71478739  15.97534880  0.00000000  39.47222101  115.62365135  0.00000000  
-90.46329650  16.16133847  0.00000000  39.47222272  115.62365424  0.00000000  
-90.23617885  16.32882834  0.00000000  39.47222426  115.62365685  0.00000000  
-89.98556511  16.51372130  0.00000000  39.47222596  115.62365973  0.00000000  
-89.81063466  16.64426412  0.00000000  39.47222716  115.62366174  0.00000000  
-89.63656440  16.77482008  0.00000000  39.47222836  115.62366374  0.00000000  
-89.46251109  16.90426619  0.00000000  39.47222955  115.62366574  0.00000000  
-89.28845779  17.03371229  0.00000000  39.47223074  115.62366774  0.00000000  
-89.06565804  17.20015803  0.00000000  39.47223227  115.62367030  0.00000000  
-88.84285831  17.36660376  0.00000000  39.47223380  115.62367286  0.00000000  
-88.59570231  17.55043945  0.00000000  39.47223549  115.62367570  0.00000000  
-88.37548314  17.71692462  0.00000000  39.47223702  115.62367823  0.00000000  
-88.13090770  17.90079974  0.00000000  39.47223871  115.62368104  0.00000000  
-87.93337531  18.04653910  0.00000000  39.47224005  115.62368331  0.00000000  
-87.71232989  18.21079141  0.00000000  39.47224156  115.62368585  0.00000000  
-87.46864857  18.39245997  0.00000000  39.47224323  115.62368865  0.00000000  
-87.25106084  18.55565498  0.00000000  39.47224473  115.62369115  0.00000000  
-87.03262989  18.71772701  0.00000000  39.47224622  115.62369366  0.00000000  
-86.78980878  18.89940872  0.00000000  39.47224789  115.62369645  0.00000000  
-86.54788177  19.07888385  0.00000000  39.47224954  115.62369923  0.00000000  
-86.35728173  19.22139876  0.00000000  39.47225085  115.62370142  0.00000000  
-86.16496134  19.36388740  0.00000000  39.47225216  115.62370363  0.00000000  
-85.99443362  19.48783682  0.00000000  39.47225330  115.62370559  0.00000000  
-85.82648645  19.61182565  0.00000000  39.47225444  115.62370752  0.00000000  
-85.58805106  19.78802377  0.00000000  39.47225606  115.62371026  0.00000000  
-85.32613655  19.98051512  0.00000000  39.47225783  115.62371327  0.00000000  
-85.08773508  20.15449353  0.00000000  39.47225943  115.62371601  0.00000000  
-84.91982184  20.27626265  0.00000000  39.47226055  115.62371794  0.00000000  
-84.70667072  20.43064453  0.00000000  39.47226197  115.62372039  0.00000000  
-84.54221517  20.55135635  0.00000000  39.47226308  115.62372228  0.00000000  
-84.33167851  20.70355791  0.00000000  39.47226448  115.62372470  0.00000000  
-84.12028167  20.85574635  0.00000000  39.47226588  115.62372713  0.00000000  
-83.91060521  21.00796106  0.00000000  39.47226728  115.62372954  0.00000000  
-83.72617908  21.14057923  0.00000000  39.47226850  115.62373166  0.00000000  
-83.47475633  21.32212967  0.00000000  39.47227017  115.62373455  0.00000000  
-83.27030877  21.46998377  0.00000000  39.47227153  115.62373690  0.00000000  
-83.04067870  21.63299499  0.00000000  39.47227303  115.62373954  0.00000000  
-82.83714219  21.77753265  0.00000000  39.47227436  115.62374188  0.00000000  
-82.61272407  21.93729311  0.00000000  39.47227583  115.62374446  0.00000000  
-82.43524723  22.06557695  0.00000000  39.47227701  115.62374650  0.00000000  
-82.21172320  22.22313083  0.00000000  39.47227846  115.62374907  0.00000000  
-81.99165685  22.37962740  0.00000000  39.47227990  115.62375160  0.00000000  
-81.79334926  22.51980447  0.00000000  39.47228119  115.62375388  0.00000000  
-81.58110930  22.67086997  0.00000000  39.47228258  115.62375632  0.00000000  
-81.37409823  22.81757485  0.00000000  39.47228393  115.62375870  0.00000000  
-81.12184931  22.99689249  0.00000000  39.47228558  115.62376160  0.00000000  
-80.93921144  23.12509755  0.00000000  39.47228676  115.62376370  0.00000000  
-80.72353079  23.27611053  0.00000000  39.47228815  115.62376618  0.00000000  
-80.51739688  23.42171870  0.00000000  39.47228949  115.62376855  0.00000000  
-80.32605553  23.55645158  0.00000000  39.47229073  115.62377075  0.00000000  
-80.13127347  23.69113192  0.00000000  39.47229197  115.62377299  0.00000000  
-79.96341124  23.80957155  0.00000000  39.47229306  115.62377492  0.00000000  
