400.0
-22.78979539  -59.35637781  -6.25200000  31.46336420  120.64726340  -6.25200000  0.00000000  0.00000000  0.00000000  
-22.80405470  -59.57792592  -6.25200000  31.46336220  120.64726330  -6.25200000  0.00000000  0.00000000  0.51215278  
-22.82734226  -59.77709503  -6.25200000  31.46336040  120.64726310  -6.25200000  0.00000000  0.00000000  0.75954861  
-22.83185999  -59.98775936  -6.25100000  31.46335850  120.64726310  -6.25100000  0.00000000  0.00000000  0.95052083  
-22.83637772  -60.19842369  -6.25200000  31.46335660  120.64726310  -6.25200000  0.00000000  0.00000000  1.07204861  
-22.83210497  -60.44255461  -6.25100000  31.46335440  120.64726320  -6.25100000  0.00000000  0.00000000  1.18489583  
-22.81832841  -60.68688935  -6.25100000  31.46335220  120.64726340  -6.25100000  0.00000000  0.00000000  1.27170139  
-22.79457249  -60.90925270  -6.25100000  31.46335020  120.64726370  -6.25100000  0.00000000  0.00000000  1.33680556  
-22.76202608  -61.16508266  -6.25100000  31.46334790  120.64726410  -6.25100000  0.00000000  0.00000000  1.38888889  
-22.72924190  -61.40982501  -6.25200000  31.46334570  120.64726450  -6.25200000  0.00000000  0.00000000  1.44531250  
-22.68600281  -61.61042079  -6.25100000  31.46334390  120.64726500  -6.25100000  0.00000000  0.00000000  1.49305556  
-22.64300149  -61.82210417  -6.24900000  31.46334200  120.64726550  -6.24900000  0.00000000  0.00000000  1.51909722  
-22.57243984  -62.07874936  -6.24900000  31.46333970  120.64726630  -6.24900000  0.00000000  0.00000000  1.56250000  
-22.51019313  -62.27975277  -6.24800000  31.46333790  120.64726700  -6.24800000  0.00000000  0.00000000  1.56250000  
-22.44794641  -62.48075617  -6.24700000  31.46333610  120.64726770  -6.24700000  0.00000000  0.00000000  1.57986111  
-22.37619588  -62.68196338  -6.24600000  31.46333430  120.64726850  -6.24600000  0.00000000  0.00000000  1.59722222  
-22.29470376  -62.87228680  -6.24700000  31.46333260  120.64726940  -6.24700000  0.00000000  0.00000000  1.60590278  
-22.20394561  -63.07390163  -6.24700000  31.46333080  120.64727040  -6.24700000  0.00000000  0.00000000  1.61458333  
-22.11294968  -63.26442886  -6.24800000  31.46332910  120.64727140  -6.24800000  0.00000000  0.00000000  1.63194444  
-22.02219151  -63.46604368  -6.24700000  31.46332730  120.64727240  -6.24700000  0.00000000  0.00000000  1.62326389  
-21.91218795  -63.65697853  -6.24600000  31.46332560  120.64727360  -6.24600000  0.00000000  0.00000000  1.62326389  
-21.79268058  -63.84811719  -6.24500000  31.46332390  120.64727490  -6.24500000  0.00000000  0.00000000  1.63194444  
-21.67341098  -64.05034344  -6.24400000  31.46332210  120.64727620  -6.24400000  0.00000000  0.00000000  1.62326389  
-21.56293186  -64.21910309  -6.24500000  31.46332060  120.64727740  -6.24500000  0.00000000  0.00000000  1.62326389  
-21.43344511  -64.38827036  -6.24600000  31.46331910  120.64727880  -6.24600000  0.00000000  0.00000000  1.61458333  
-21.29469233  -64.56872903  -6.24600000  31.46331750  120.64728030  -6.24600000  0.00000000  0.00000000  1.61458333  
-21.16496780  -64.72680870  -6.24700000  31.46331610  120.64728170  -6.24700000  0.00000000  0.00000000  1.61458333  
-21.02573946  -64.88509217  -6.24800000  31.46331470  120.64728320  -6.24800000  0.00000000  0.00000000  1.61458333  
-20.86774126  -65.05487086  -6.24900000  31.46331320  120.64728490  -6.24900000  0.00000000  0.00000000  1.60590278  
-20.68170717  -65.24743616  -6.24900000  31.46331150  120.64728690  -6.24900000  0.00000000  0.00000000  1.58854167  
-20.52323342  -65.39503965  -6.25000000  31.46331020  120.64728860  -6.25000000  0.00000000  0.00000000  1.58854167  
-20.36452190  -65.53155554  -6.25100000  31.46330900  120.64729030  -6.25100000  0.00000000  0.00000000  1.58854167  
-20.20581036  -65.66807142  -6.25100000  31.46330780  120.64729200  -6.25100000  0.00000000  0.00000000  1.57986111  
-20.03759502  -65.80479111  -6.25100000  31.46330660  120.64729380  -6.25100000  0.00000000  0.00000000  1.57986111  
-19.86914189  -65.93042321  -6.24900000  31.46330550  120.64729560  -6.24900000  0.00000000  0.00000000  1.57118056  
-19.70045099  -66.04496770  -6.24900000  31.46330450  120.64729740  -6.24900000  0.00000000  0.00000000  1.56250000  
-19.52225628  -66.15971600  -6.24900000  31.46330350  120.64729930  -6.24900000  0.00000000  0.00000000  1.56250000  
-19.34382379  -66.26337670  -6.24900000  31.46330260  120.64730120  -6.24900000  0.00000000  0.00000000  1.57118056  
-19.16539130  -66.36703739  -6.24900000  31.46330170  120.64730310  -6.24900000  0.00000000  0.00000000  1.56250000  
-18.97745499  -66.47090189  -6.24900000  31.46330080  120.64730510  -6.24900000  0.00000000  0.00000000  1.56250000  
-18.77977710  -66.56388260  -6.24900000  31.46330000  120.64730720  -6.24900000  0.00000000  0.00000000  1.56250000  
-18.58209920  -66.65686330  -6.25000000  31.46329920  120.64730930  -6.25000000  0.00000000  0.00000000  1.56250000  
-18.33714001  -66.76195062  -6.25100000  31.46329830  120.64731190  -6.25100000  0.00000000  0.00000000  1.57986111  
-18.13898656  -66.83275613  -6.25200000  31.46329770  120.64731400  -6.25200000  0.00000000  0.00000000  1.57986111  
-17.93132930  -66.90376543  -6.25200000  31.46329710  120.64731620  -6.25200000  0.00000000  0.00000000  1.57986111  
-17.72367204  -66.97477473  -6.25200000  31.46329650  120.64731840  -6.25200000  0.00000000  0.00000000  1.58854167  
-17.50627320  -67.03490023  -6.25200000  31.46329600  120.64732070  -6.25200000  0.00000000  0.00000000  1.59722222  
-17.29814039  -67.08373433  -6.25100000  31.46329560  120.64732290  -6.25100000  0.00000000  0.00000000  1.59722222  
-17.07099996  -67.13297604  -6.25100000  31.46329520  120.64732530  -6.25100000  0.00000000  0.00000000  1.59722222  
-16.87189543  -67.15943113  -6.25100000  31.46329500  120.64732740  -6.25100000  0.00000000  0.00000000  1.60590278  
-16.66352486  -67.19717762  -6.25100000  31.46329470  120.64732960  -6.25100000  0.00000000  0.00000000  1.60590278  
-16.43590888  -67.22424412  -6.25100000  31.46329450  120.64733200  -6.25100000  0.00000000  0.00000000  1.60590278  
-16.16053608  -67.24124204  -6.25200000  31.46329440  120.64733490  -6.25200000  0.00000000  0.00000000  1.61458333  
-15.93268234  -67.25722093  -6.25300000  31.46329430  120.64733730  -6.25300000  0.00000000  0.00000000  1.60590278  
-15.69508702  -67.26231602  -6.25300000  31.46329430  120.64733980  -6.25300000  0.00000000  0.00000000  1.61458333  
-15.47626156  -67.25591591  -6.25400000  31.46329440  120.64734210  -6.25400000  0.00000000  0.00000000  1.62326389  
-15.26693992  -67.24931199  -6.25400000  31.46329450  120.64734430  -6.25400000  0.00000000  0.00000000  1.64062500  
-15.03837288  -67.23202807  -6.25400000  31.46329470  120.64734670  -6.25400000  0.00000000  0.00000000  1.64496528  
-14.80006426  -67.20386036  -6.25500000  31.46329500  120.64734920  -6.25500000  0.00000000  0.00000000  1.70138889  
-14.59026709  -67.17508123  -6.25600000  31.46329530  120.64735140  -6.25600000  0.00000000  0.00000000  1.72743056  
-14.34197913  -67.12494212  -6.25600000  31.46329580  120.64735400  -6.25600000  0.00000000  0.00000000  1.77951389  
-14.09369118  -67.07480300  -6.25700000  31.46329630  120.64735660  -6.25700000  0.00000000  0.00000000  1.83159722  
-13.87367690  -67.01296488  -6.25800000  31.46329690  120.64735890  -6.25800000  0.00000000  0.00000000  1.87500000  
-13.67290801  -66.96180674  -6.25900000  31.46329740  120.64736100  -6.25900000  0.00000000  0.00000000  1.92708333  
-13.42414454  -66.88949241  -6.26100000  31.46329810  120.64736360  -6.26100000  0.00000000  0.00000000  1.96180556  
-13.18464712  -66.80588669  -6.26300000  31.46329890  120.64736610  -6.26300000  0.00000000  0.00000000  1.98784722  
-12.98316495  -66.72146575  -6.26400000  31.46329970  120.64736820  -6.26400000  0.00000000  0.00000000  2.01388889  
-12.75293358  -66.62656861  -6.26500000  31.46330060  120.64737060  -6.26500000  0.00000000  0.00000000  2.00520833  
-12.51272288  -66.50970008  -6.26700000  31.46330170  120.64737310  -6.26700000  0.00000000  0.00000000  2.02256944  
-12.27251218  -66.39283155  -6.26900000  31.46330280  120.64737560  -6.26900000  0.00000000  0.00000000  2.01388889  
-12.02208439  -66.24290402  -6.27300000  31.46330420  120.64737820  -6.27300000  0.00000000  0.00000000  2.03125000  
-11.79090200  -66.10365649  -6.27800000  31.46330550  120.64738060  -6.27800000  0.00000000  0.00000000  2.03993056  
-11.55924408  -65.94223375  -6.28300000  31.46330700  120.64738300  -6.28300000  0.00000000  0.00000000  2.04861111  
-11.38556009  -65.82393860  -6.28700000  31.46330810  120.64738480  -6.28700000  0.00000000  0.00000000  2.06163194  
-11.20189677  -65.68367205  -6.29200000  31.46330940  120.64738670  -6.29200000  0.00000000  0.00000000  2.07031250  
-11.04698264  -65.55388170  -6.29600000  31.46331060  120.64738830  -6.29600000  0.00000000  0.00000000  2.05295139  
-10.84336066  -65.36967236  -6.30000000  31.46331230  120.64739040  -6.30000000  0.00000000  0.00000000  2.06163194  
-10.63973868  -65.18546302  -6.30100000  31.46331400  120.64739250  -6.30100000  0.00000000  0.00000000  2.06163194  
-10.44538276  -64.98996228  -6.29900000  31.46331580  120.64739450  -6.29900000  0.00000000  0.00000000  2.05295139  
-10.30900076  -64.83758913  -6.29900000  31.46331720  120.64739590  -6.29900000  0.00000000  0.00000000  2.05295139  
-10.13341471  -64.63059319  -6.30200000  31.46331910  120.64739770  -6.30200000  0.00000000  0.00000000  2.04861111  
-9.96709471  -64.41230585  -6.30600000  31.46332110  120.64739940  -6.30600000  0.00000000  0.00000000  2.03993056  
-9.80029921  -64.17184333  -6.30800000  31.46332330  120.64740110  -6.30800000  0.00000000  0.00000000  2.03993056  
-9.66272841  -63.96403219  -6.30900000  31.46332520  120.64740250  -6.30900000  0.00000000  0.00000000  2.03993056  
-9.54487853  -63.78907624  -6.31100000  31.46332680  120.64740370  -6.31100000  0.00000000  0.00000000  2.03125000  
-9.41681156  -63.58106130  -6.31500000  31.46332870  120.64740500  -6.31500000  0.00000000  0.00000000  2.02256944  
-9.28803131  -63.33978357  -6.31800000  31.46333090  120.64740630  -6.31800000  0.00000000  0.00000000  1.98784722  
-9.17825868  -63.09809825  -6.32100000  31.46333310  120.64740740  -6.32100000  0.00000000  0.00000000  1.97916667  
-9.06872382  -62.86750051  -6.32500000  31.46333520  120.64740850  -6.32500000  0.00000000  0.00000000  1.94444444  
-8.97795882  -62.62540759  -6.32500000  31.46333740  120.64740940  -6.32500000  0.00000000  0.00000000  1.92708333  
-8.88719383  -62.38331467  -6.32300000  31.46333960  120.64741030  -6.32300000  0.00000000  0.00000000  1.88368056  
-8.80593264  -62.14101795  -6.32300000  31.46334180  120.64741110  -6.32300000  0.00000000  0.00000000  1.86631944  
-8.74391683  -61.90940123  -6.32700000  31.46334390  120.64741170  -6.32700000  0.00000000  0.00000000  1.85763889  
-8.69140484  -61.67758071  -6.32800000  31.46334600  120.64741220  -6.32800000  0.00000000  0.00000000  1.81423611  
-8.63841732  -61.42358500  -6.32700000  31.46334830  120.64741270  -6.32700000  0.00000000  0.00000000  1.77951389  
-8.59588466  -61.21373587  -6.32500000  31.46335020  120.64741310  -6.32500000  0.00000000  0.00000000  1.74479167  
-8.55263871  -60.97062396  -6.32100000  31.46335240  120.64741350  -6.32100000  0.00000000  0.00000000  1.71006944  
-8.52863814  -60.73819205  -6.31800000  31.46335450  120.64741370  -6.31800000  0.00000000  0.00000000  1.67968750  
-8.50344877  -60.45032216  -6.31400000  31.46335710  120.64741390  -6.31400000  0.00000000  0.00000000  1.65364583  
-8.48942753  -60.23986164  -6.31300000  31.46335900  120.64741400  -6.31300000  0.00000000  0.00000000  1.63194444  
-8.48443457  -60.00702213  -6.31400000  31.46336110  120.64741400  -6.31400000  0.00000000  0.00000000  1.64496528  
-8.48942094  -59.79615402  -6.31400000  31.46336300  120.64741390  -6.31400000  0.00000000  0.00000000  1.62326389  
-8.49440730  -59.58528590  -6.30700000  31.46336490  120.64741380  -6.30700000  0.00000000  0.00000000  1.64930556  
-8.50818419  -59.34095120  -6.30300000  31.46336710  120.64741360  -6.30300000  0.00000000  0.00000000  1.66232639  
-8.53241593  -59.14076309  -6.30000000  31.46336890  120.64741330  -6.30000000  0.00000000  0.00000000  1.67100694  
-8.56543819  -58.90710839  -6.29700000  31.46337100  120.64741290  -6.29700000  0.00000000  0.00000000  1.68402778  
-8.59846044  -58.67345369  -6.29300000  31.46337310  120.64741250  -6.29300000  0.00000000  0.00000000  1.68402778  
-8.64146202  -58.46177039  -6.29000000  31.46337500  120.64741200  -6.29000000  0.00000000  0.00000000  1.69270833  
-8.69325412  -58.21662050  -6.28800000  31.46337720  120.64741140  -6.28800000  0.00000000  0.00000000  1.71875000  
-8.75502554  -57.99344200  -6.28400000  31.46337920  120.64741070  -6.28400000  0.00000000  0.00000000  1.72743056  
-8.82582525  -57.74788451  -6.28300000  31.46338140  120.64740990  -6.28300000  0.00000000  0.00000000  1.73611111  
-8.89710046  -57.52450222  -6.28300000  31.46338340  120.64740910  -6.28300000  0.00000000  0.00000000  1.76215278  
-8.98714553  -57.28962473  -6.28100000  31.46338550  120.64740810  -6.28100000  0.00000000  0.00000000  1.77083333  
-9.07742834  -57.06583483  -6.27800000  31.46338750  120.64740710  -6.27800000  0.00000000  0.00000000  1.77951389  
-9.17745272  -56.85292874  -6.27700000  31.46338940  120.64740600  -6.27700000  0.00000000  0.00000000  1.78819444  
-9.27747709  -56.64002264  -6.27700000  31.46339130  120.64740490  -6.27700000  0.00000000  0.00000000  1.80555556  
-9.39650907  -56.42670894  -6.27700000  31.46339320  120.64740360  -6.27700000  0.00000000  0.00000000  1.80555556  
-9.51554104  -56.21339524  -6.27300000  31.46339510  120.64740230  -6.27300000  0.00000000  0.00000000  1.80555556  
-9.64431456  -56.01096534  -6.26900000  31.46339690  120.64740090  -6.26900000  0.00000000  0.00000000  1.80555556  
-9.78259189  -55.80833163  -6.26600000  31.46339870  120.64739940  -6.26600000  0.00000000  0.00000000  1.82291667  
-9.93037301  -55.60549413  -6.26300000  31.46340050  120.64739780  -6.26300000  0.00000000  0.00000000  1.82291667  
-10.07839188  -55.41374421  -6.25900000  31.46340220  120.64739620  -6.25900000  0.00000000  0.00000000  1.82291667  
-10.24518059  -55.21049910  -6.25500000  31.46340400  120.64739440  -6.25500000  0.00000000  0.00000000  1.83159722  
-10.41244482  -55.02942918  -6.24600000  31.46340560  120.64739260  -6.24600000  0.00000000  0.00000000  1.83159722  
-10.57044301  -54.85965065  -6.24300000  31.46340710  120.64739090  -6.24300000  0.00000000  0.00000000  1.84027778  
-10.76621863  -54.67796933  -6.23900000  31.46340870  120.64738880  -6.23900000  0.00000000  0.00000000  1.85763889  
-10.95272820  -54.50757939  -6.23500000  31.46341020  120.64738680  -6.23500000  0.00000000  0.00000000  1.85763889  
-11.13020950  -54.35956845  -6.23100000  31.46341150  120.64738490  -6.23100000  0.00000000  0.00000000  1.86197917  
-11.33572666  -54.18877090  -6.22800000  31.46341300  120.64738270  -6.22800000  0.00000000  0.00000000  1.86631944  
-11.54171935  -54.04014855  -6.22500000  31.46341430  120.64738050  -6.22500000  0.00000000  0.00000000  1.87065972  
-11.74794979  -53.90261378  -6.21900000  31.46341550  120.64737830  -6.21900000  0.00000000  0.00000000  1.87500000  
-11.94491420  -53.77637041  -6.21500000  31.46341660  120.64737620  -6.21500000  0.00000000  0.00000000  1.87500000  
-12.12334652  -53.67270983  -6.21300000  31.46341750  120.64737430  -6.21300000  0.00000000  0.00000000  1.88368056  
-12.33005248  -53.55735024  -6.21100000  31.46341850  120.64737210  -6.21100000  0.00000000  0.00000000  1.88368056  
-12.55576604  -53.44158305  -6.20800000  31.46341950  120.64736970  -6.20800000  0.00000000  0.00000000  1.90104167  
-12.79122115  -53.33669965  -6.20600000  31.46342040  120.64736720  -6.20600000  0.00000000  0.00000000  1.90972222  
-13.04544610  -53.22032104  -6.20400000  31.46342140  120.64736450  -6.20400000  0.00000000  0.00000000  1.91840278  
-13.27187293  -53.13781662  -6.20200000  31.46342210  120.64736210  -6.20200000  0.00000000  0.00000000  1.93576389  
-13.53631496  -53.05449698  -6.20200000  31.46342280  120.64735930  -6.20200000  0.00000000  0.00000000  1.95312500  
-13.78174939  -52.97158494  -6.20000000  31.46342350  120.64735670  -6.20000000  0.00000000  0.00000000  1.94444444  
-14.01815555  -52.91105189  -6.19700000  31.46342400  120.64735420  -6.19700000  0.00000000  0.00000000  1.95312500  
-14.21702204  -52.87350924  -6.19500000  31.46342430  120.64735210  -6.19500000  0.00000000  0.00000000  1.96180556  
-14.46316977  -52.82385998  -6.19400000  31.46342470  120.64734950  -6.19400000  0.00000000  0.00000000  1.97048611  
-14.72856285  -52.78489069  -6.19400000  31.46342500  120.64734670  -6.19400000  0.00000000  0.00000000  1.97916667  
-14.98468990  -52.75721280  -6.19400000  31.46342520  120.64734400  -6.19400000  0.00000000  0.00000000  1.97916667  
-15.25032076  -52.72933110  -6.19400000  31.46342540  120.64734120  -6.19400000  0.00000000  0.00000000  1.95312500  
-15.51642714  -52.72362458  -6.19400000  31.46342540  120.64733840  -6.19400000  0.00000000  0.00000000  1.95312500  
-15.77302973  -52.71812187  -6.19400000  31.46342540  120.64733570  -6.19400000  0.00000000  0.00000000  1.93576389  
-16.02036628  -52.72391054  -6.19400000  31.46342530  120.64733310  -6.19400000  0.00000000  0.00000000  1.90972222  
-16.27744441  -52.74058300  -6.19200000  31.46342510  120.64733040  -6.19200000  0.00000000  0.00000000  1.86197917  
-16.51575271  -52.76875066  -6.18900000  31.46342480  120.64732790  -6.18900000  0.00000000  0.00000000  1.83159722  
-16.75406100  -52.79691832  -6.18800000  31.46342450  120.64732540  -6.18800000  0.00000000  0.00000000  1.80555556  
-16.99260707  -52.83617357  -6.18800000  31.46342410  120.64732290  -6.18800000  0.00000000  0.00000000  1.77951389  
-17.24089471  -52.88631260  -6.18800000  31.46342360  120.64732030  -6.18800000  0.00000000  0.00000000  1.76215278  
-17.47017476  -52.93685924  -6.18900000  31.46342310  120.64731790  -6.18900000  0.00000000  0.00000000  1.75347222  
-17.70919637  -52.99828966  -6.19000000  31.46342250  120.64731540  -6.19000000  0.00000000  0.00000000  1.73611111  
-17.91020279  -53.06053530  -6.19100000  31.46342190  120.64731330  -6.19100000  0.00000000  0.00000000  1.71875000  
-18.14019616  -53.14434471  -6.19300000  31.46342110  120.64731090  -6.19300000  0.00000000  0.00000000  1.71006944  
-18.35094416  -53.21747414  -6.19100000  31.46342040  120.64730870  -6.19100000  0.00000000  0.00000000  1.69270833  
-18.56216770  -53.31277875  -6.19600000  31.46341950  120.64730650  -6.19600000  0.00000000  0.00000000  1.67100694  
-18.76364967  -53.39719957  -6.19500000  31.46341870  120.64730440  -6.19500000  0.00000000  0.00000000  1.67100694  
-18.98461480  -53.50338796  -6.19400000  31.46341770  120.64730210  -6.19400000  0.00000000  0.00000000  1.66232639  
-19.23480464  -53.64222772  -6.19300000  31.46341640  120.64729950  -6.19300000  0.00000000  0.00000000  1.64930556  
-19.43699995  -53.75991131  -6.19100000  31.46341530  120.64729740  -6.19100000  0.00000000  0.00000000  1.64062500  
-19.66818220  -53.89915867  -6.19000000  31.46341400  120.64729500  -6.19000000  0.00000000  0.00000000  1.62326389  
-19.85136992  -54.01724988  -6.18200000  31.46341290  120.64729310  -6.18200000  0.00000000  0.00000000  1.62326389  
-20.02529160  -54.14663248  -6.18100000  31.46341170  120.64729130  -6.18100000  0.00000000  0.00000000  1.61458333  
-20.19921330  -54.27601508  -6.17900000  31.46341050  120.64728950  -6.17900000  0.00000000  0.00000000  1.59722222  
-20.37361054  -54.42757288  -6.17900000  31.46340910  120.64728770  -6.17900000  0.00000000  0.00000000  1.60590278  
-20.52852464  -54.55736309  -6.17900000  31.46340790  120.64728610  -6.17900000  0.00000000  0.00000000  1.59722222  
-20.69341809  -54.70912469  -6.17800000  31.46340650  120.64728440  -6.17800000  0.00000000  0.00000000  1.59722222  
-20.85831155  -54.86088628  -6.17700000  31.46340510  120.64728270  -6.17700000  0.00000000  0.00000000  1.58854167  
-20.99469360  -55.01325930  -6.17900000  31.46340370  120.64728130  -6.17900000  0.00000000  0.00000000  1.57986111  
-21.13107566  -55.16563232  -6.17800000  31.46340230  120.64727990  -6.17800000  0.00000000  0.00000000  1.57986111  
-21.27743707  -55.33997671  -6.17700000  31.46340070  120.64727840  -6.17700000  0.00000000  0.00000000  1.57986111  
-21.44351942  -55.54717628  -6.17900000  31.46339880  120.64727670  -6.17900000  0.00000000  0.00000000  1.57986111  
-21.57087324  -55.72192829  -6.17900000  31.46339720  120.64727540  -6.17900000  0.00000000  0.00000000  1.56250000  
-21.68848548  -55.88579652  -6.17900000  31.46339570  120.64727420  -6.17900000  0.00000000  0.00000000  1.57986111  
-21.80633550  -56.06075234  -6.17900000  31.46339410  120.64727300  -6.17900000  0.00000000  0.00000000  1.56250000  
-21.91468173  -56.23591197  -6.18200000  31.46339250  120.64727190  -6.18200000  0.00000000  0.00000000  1.56250000  
-22.01376193  -56.42236301  -6.18100000  31.46339080  120.64727090  -6.18100000  0.00000000  0.00000000  1.56250000  
-22.11284213  -56.60881404  -6.18100000  31.46338910  120.64726990  -6.18100000  0.00000000  0.00000000  1.56250000  
-22.24186039  -56.86117922  -6.18100000  31.46338680  120.64726860  -6.18100000  0.00000000  0.00000000  1.54513889  
-22.34189170  -57.09198064  -6.17900000  31.46338470  120.64726760  -6.17900000  0.00000000  4.00000000  1.51909722  
-22.42220208  -57.28992689  -6.17700000  31.46338290  120.64726680  -6.17700000  0.00000000  4.00000000  1.47135417  
-22.50322579  -57.52113592  -6.17600000  31.46338080  120.64726600  -6.17600000  0.00000000  3.00000000  1.38888889  
-22.58424950  -57.75234496  -6.17700000  31.46337870  120.64726520  -6.17700000  0.00000000  3.00000000  1.33680556  
-22.64579006  -57.96178642  -6.17600000  31.46337680  120.64726460  -6.17600000  0.00000000  5.00000000  1.28038194  
-22.69758903  -58.16034410  -6.17500000  31.46337500  120.64726410  -6.17500000  0.00000000  5.00000000  1.21093750  
-22.74962579  -58.36998937  -6.17400000  31.46337310  120.64726360  -6.17400000  0.00000000  7.00000000  1.14583333  
-22.79263429  -58.60201365  -6.17900000  31.46337100  120.64726320  -6.17900000  0.00000000  7.00000000  1.05468750  
-22.82566343  -58.81206655  -6.17600000  31.46336910  120.64726290  -6.17600000  0.00000000  11.00000000  0.91579861  
-22.84895100  -59.01123566  -6.16500000  31.46336730  120.64726270  -6.16500000  0.00000000  19.00000000  0.42968750  
