300.0
-23.17636035  -59.20388282  -6.31800000  31.46336550  120.64725930  -6.31800000  0.00000000  0.00000000  0.00000000  
-22.99816579  -59.31863119  -6.32000000  31.46336450  120.64726120  -6.32000000  0.00000000  0.00000000  0.00000000  
-22.99317972  -59.52949933  -6.32200000  31.46336260  120.64726130  -6.32200000  0.00000000  0.00000000  0.15190972  
-22.99817300  -59.76233885  -6.32200000  31.46336050  120.64726130  -6.32200000  0.00000000  0.00000000  0.80295139  
-22.99318693  -59.97320698  -6.32100000  31.46335860  120.64726140  -6.32100000  0.00000000  0.00000000  1.08940972  
-22.96943102  -60.19557034  -6.32000000  31.46335660  120.64726170  -6.32000000  0.00000000  0.00000000  1.28906250  
-22.94662620  -60.46228408  -6.31900000  31.46335420  120.64726200  -6.31900000  0.00000000  0.00000000  1.48871528  
-22.93213632  -60.67335603  -6.31900000  31.46335230  120.64726220  -6.31900000  0.00000000  0.00000000  1.56250000  
-22.89887659  -60.89592319  -6.31800000  31.46335030  120.64726260  -6.31800000  0.00000000  0.00000000  1.61892361  
-22.87488290  -61.10719895  -6.31900000  31.46334840  120.64726290  -6.31900000  0.00000000  0.00000000  1.67100694  
-22.83211936  -61.32996992  -6.32000000  31.46334640  120.64726340  -6.32000000  0.00000000  0.00000000  1.67968750  
-22.78935582  -61.55274090  -6.31800000  31.46334440  120.64726390  -6.31800000  0.00000000  0.00000000  1.70572917  
-22.73708847  -61.77571568  -6.31600000  31.46334240  120.64726450  -6.31600000  0.00000000  0.00000000  1.71440972  
-22.67579286  -62.02106947  -6.31600000  31.46334020  120.64726520  -6.31600000  0.00000000  0.00000000  1.72309028  
-22.61402170  -62.24424806  -6.31500000  31.46333820  120.64726590  -6.31500000  0.00000000  0.00000000  1.73611111  
-22.54298450  -62.47871807  -6.31400000  31.46333610  120.64726670  -6.31400000  0.00000000  0.00000000  1.74479167  
-22.47170952  -62.70210047  -6.31300000  31.46333410  120.64726750  -6.31300000  0.00000000  0.00000000  1.75347222  
-22.39093073  -62.92568668  -6.31300000  31.46333210  120.64726840  -6.31300000  0.00000000  0.00000000  1.77083333  
-22.30064812  -63.14947670  -6.31200000  31.46333010  120.64726940  -6.31200000  0.00000000  0.00000000  1.77951389  
-22.21036551  -63.37326672  -6.31400000  31.46332810  120.64727040  -6.31400000  0.00000000  0.00000000  1.77951389  
-22.11057909  -63.59726055  -6.31300000  31.46332610  120.64727150  -6.31300000  0.00000000  0.00000000  1.79687500  
-22.01055489  -63.81016678  -6.31100000  31.46332420  120.64727260  -6.31100000  0.00000000  0.00000000  1.80555556  
-21.91053068  -64.02307301  -6.31000000  31.46332230  120.64727370  -6.31000000  0.00000000  0.00000000  1.79687500  
-21.79149885  -64.23638686  -6.31100000  31.46332040  120.64727500  -6.31100000  0.00000000  0.00000000  1.80555556  
-21.66320098  -64.46099211  -6.31100000  31.46331840  120.64727640  -6.31100000  0.00000000  0.00000000  1.80555556  
-21.55319740  -64.65192695  -6.31200000  31.46331670  120.64727760  -6.31200000  0.00000000  0.00000000  1.80555556  
-21.42442397  -64.85435701  -6.31300000  31.46331490  120.64727900  -6.31300000  0.00000000  0.00000000  1.78819444  
-21.27688068  -65.06828228  -6.31300000  31.46331300  120.64728060  -6.31300000  0.00000000  0.00000000  1.79687500  
-21.15713551  -65.24833333  -6.31400000  31.46331140  120.64728190  -6.31400000  0.00000000  0.00000000  1.77951389  
-21.00911666  -65.44008340  -6.31700000  31.46330970  120.64728350  -6.31700000  0.00000000  0.00000000  1.78819444  
-20.85183178  -65.64312487  -6.31700000  31.46330790  120.64728520  -6.31700000  0.00000000  0.00000000  1.77083333  
-20.71284119  -65.81249594  -6.31700000  31.46330640  120.64728670  -6.31700000  0.00000000  0.00000000  1.77083333  
-20.56458456  -65.99315840  -6.31800000  31.46330480  120.64728830  -6.31800000  0.00000000  0.00000000  1.77083333  
-20.38805426  -66.18551989  -6.31800000  31.46330310  120.64729020  -6.31800000  0.00000000  0.00000000  1.76215278  
-20.23932207  -66.34400716  -6.31800000  31.46330170  120.64729180  -6.31800000  0.00000000  0.00000000  1.76215278  
-20.08132384  -66.51378583  -6.31600000  31.46330020  120.64729350  -6.31600000  0.00000000  0.00000000  1.74479167  
-19.89481417  -66.68417592  -6.31600000  31.46329870  120.64729550  -6.31600000  0.00000000  0.00000000  1.74479167  
-19.71780830  -66.85436220  -6.31600000  31.46329720  120.64729740  -6.31600000  0.00000000  0.00000000  1.72309028  
-19.54959293  -66.99108189  -6.31500000  31.46329600  120.64729920  -6.31500000  0.00000000  0.00000000  1.72309028  
-19.36260769  -67.13929678  -6.31400000  31.46329470  120.64730120  -6.31400000  0.00000000  0.00000000  1.70572917  
-19.18512627  -67.28730785  -6.31400000  31.46329340  120.64730310  -6.31400000  0.00000000  0.00000000  1.67100694  
-19.00740707  -67.42423133  -6.31400000  31.46329220  120.64730500  -6.31400000  0.00000000  0.00000000  1.67100694  
-18.82945009  -67.55006721  -6.31500000  31.46329110  120.64730690  -6.31500000  0.00000000  0.00000000  1.67100694  
-18.63272325  -67.68739830  -6.31600000  31.46328990  120.64730900  -6.31600000  0.00000000  0.00000000  1.66232639  
-18.43575864  -67.81364178  -6.31600000  31.46328880  120.64731110  -6.31600000  0.00000000  0.00000000  1.64496528  
-18.24806007  -67.92859386  -6.31700000  31.46328780  120.64731310  -6.31700000  0.00000000  0.00000000  1.63628472  
-18.05085768  -68.04374974  -6.31800000  31.46328680  120.64731520  -6.31800000  0.00000000  0.00000000  1.62760417  
-17.87242515  -68.14741042  -6.31900000  31.46328590  120.64731710  -6.31900000  0.00000000  0.00000000  1.62760417  
-17.66548117  -68.25168250  -6.31800000  31.46328500  120.64731930  -6.31800000  0.00000000  0.00000000  1.63628472  
-17.47730704  -68.34445937  -6.31700000  31.46328420  120.64732130  -6.31700000  0.00000000  0.00000000  1.65364583  
-17.26085924  -68.44893525  -6.31700000  31.46328330  120.64732360  -6.31700000  0.00000000  0.00000000  1.67100694  
-17.07244734  -68.53062452  -6.31600000  31.46328260  120.64732560  -6.31600000  0.00000000  0.00000000  1.72309028  
-16.83675413  -68.62442041  -6.31600000  31.46328180  120.64732810  -6.31600000  0.00000000  0.00000000  1.75347222  
-16.60106092  -68.71821629  -6.31800000  31.46328100  120.64733060  -6.31800000  0.00000000  0.00000000  1.80555556  
-16.38413757  -68.80051696  -6.31900000  31.46328030  120.64733290  -6.31900000  0.00000000  0.00000000  1.85329861  
-16.18598408  -68.87132242  -6.31800000  31.46327970  120.64733500  -6.31800000  0.00000000  0.00000000  1.90972222  
-15.96858518  -68.93144789  -6.31900000  31.46327920  120.64733730  -6.31900000  0.00000000  0.00000000  2.00520833  
-15.76069010  -68.99136955  -6.31900000  31.46327870  120.64733950  -6.31900000  0.00000000  0.00000000  2.05295139  
-15.51501753  -69.06319402  -6.31900000  31.46327810  120.64734210  -6.31900000  0.00000000  0.00000000  2.14409722  
-15.30688468  -69.11202807  -6.31900000  31.46327770  120.64734430  -6.31900000  0.00000000  0.00000000  2.17881944  
-15.03222513  -69.16228874  -6.32000000  31.46327730  120.64734720  -6.32000000  0.00000000  0.00000000  2.25694444  
-14.81435069  -69.20023900  -6.32100000  31.46327700  120.64734950  -6.32100000  0.00000000  0.00000000  2.33506944  
-14.61548388  -69.23778164  -6.32200000  31.46327670  120.64735160  -6.32200000  0.00000000  0.00000000  2.36979167  
-14.38786787  -69.26484809  -6.32300000  31.46327650  120.64735400  -6.32300000  0.00000000  0.00000000  2.39583333  
-14.17925948  -69.29150693  -6.32300000  31.46327630  120.64735620  -6.32300000  0.00000000  0.00000000  2.38715278  
-13.97041332  -69.30707817  -6.32400000  31.46327620  120.64735840  -6.32400000  0.00000000  0.00000000  2.40451389  
-13.74255954  -69.32305701  -6.32600000  31.46327610  120.64736080  -6.32600000  0.00000000  0.00000000  2.43055556  
-13.53347562  -69.32754065  -6.32800000  31.46327610  120.64736300  -6.32800000  0.00000000  0.00000000  2.42187500  
-13.30562183  -69.34351948  -6.33000000  31.46327600  120.64736540  -6.33000000  0.00000000  0.00000000  2.38715278  
-13.08679633  -69.33711932  -6.33200000  31.46327610  120.64736770  -6.33200000  0.00000000  0.00000000  2.49565972  
-12.84896321  -69.33112675  -6.33400000  31.46327620  120.64737020  -6.33400000  0.00000000  0.00000000  2.50000000  
-12.54460338  -69.32656078  -6.33500000  31.46327630  120.64737340  -6.33500000  0.00000000  0.00000000  2.50434028  
-12.29702868  -69.30968440  -6.33700000  31.46327650  120.64737600  -6.33700000  0.00000000  0.00000000  2.52604167  
-12.07772766  -69.28110902  -6.33800000  31.46327680  120.64737830  -6.33800000  0.00000000  0.00000000  2.53472222  
-11.83941901  -69.25294124  -6.34000000  31.46327710  120.64738080  -6.34000000  0.00000000  0.00000000  2.56076389  
-11.52460432  -69.20422866  -6.34200000  31.46327760  120.64738410  -6.34200000  0.00000000  0.00000000  2.57812500  
-11.27631634  -69.15408947  -6.34400000  31.46327810  120.64738670  -6.34400000  0.00000000  0.00000000  2.60416667  
-11.06628138  -69.11422268  -6.34500000  31.46327850  120.64738890  -6.34500000  0.00000000  0.00000000  2.60416667  
-10.81775564  -69.05299589  -6.34600000  31.46327910  120.64739150  -6.34600000  0.00000000  0.00000000  2.61284722  
-10.59774134  -68.99115769  -6.34900000  31.46327970  120.64739380  -6.34900000  0.00000000  0.00000000  2.62152778  
-10.35871943  -68.92972709  -6.35400000  31.46328030  120.64739630  -6.35400000  0.00000000  0.00000000  2.65625000  
-10.14797119  -68.85659749  -6.35700000  31.46328100  120.64739850  -6.35700000  0.00000000  0.00000000  2.64756944  
-9.90871152  -68.78407928  -6.35800000  31.46328170  120.64740100  -6.35800000  0.00000000  0.00000000  2.65625000  
-9.71697092  -68.71054208  -6.35900000  31.46328240  120.64740300  -6.35900000  0.00000000  0.00000000  2.66493056  
-9.47723573  -68.61584867  -6.36100000  31.46328330  120.64740550  -6.36100000  0.00000000  0.00000000  2.66493056  
-9.27575356  -68.53142766  -6.36600000  31.46328410  120.64740760  -6.36600000  0.00000000  0.00000000  2.68229167  
-9.06452983  -68.43612285  -6.37000000  31.46328500  120.64740980  -6.37000000  0.00000000  0.00000000  2.66493056  
-8.83406071  -68.33013803  -6.37100000  31.46328600  120.64741220  -6.37100000  0.00000000  0.00000000  2.64756944  
-8.61285765  -68.21286182  -6.37300000  31.46328710  120.64741450  -6.37300000  0.00000000  0.00000000  2.68229167  
-8.41089998  -68.10626560  -6.37500000  31.46328810  120.64741660  -6.37500000  0.00000000  0.00000000  2.69531250  
-8.20894231  -67.99966938  -6.37700000  31.46328910  120.64741870  -6.37700000  0.00000000  0.00000000  2.69097222  
-7.99700532  -67.87110176  -6.37900000  31.46329030  120.64742090  -6.37900000  0.00000000  0.00000000  2.67795139  
-7.78483057  -67.73144655  -6.38100000  31.46329160  120.64742310  -6.38100000  0.00000000  0.00000000  2.67361111  
-7.57241808  -67.58070373  -6.38100000  31.46329300  120.64742530  -6.38100000  0.00000000  0.00000000  2.67795139  
-7.36950940  -67.42975711  -6.38000000  31.46329440  120.64742740  -6.38000000  0.00000000  0.00000000  2.67795139  
-7.17634230  -67.28969429  -6.37800000  31.46329570  120.64742940  -6.37800000  0.00000000  0.00000000  2.70399306  
-6.97319587  -67.12766007  -6.37900000  31.46329720  120.64743150  -6.37900000  0.00000000  0.00000000  2.72569444  
-6.79879865  -66.97610206  -6.38500000  31.46329860  120.64743330  -6.38500000  0.00000000  0.00000000  2.76909722  
-6.60491829  -66.80277644  -6.38800000  31.46330020  120.64743530  -6.38800000  0.00000000  0.00000000  2.72569444  
-6.43052107  -66.65121842  -6.38700000  31.46330160  120.64743710  -6.38700000  0.00000000  0.00000000  2.71267361  
-6.24614454  -66.47768900  -6.38500000  31.46330320  120.64743900  -6.38500000  0.00000000  0.00000000  2.72135417  
-6.08101339  -66.31483958  -6.38100000  31.46330470  120.64744070  -6.38100000  0.00000000  0.00000000  2.70399306  
-5.89639911  -66.13022256  -6.37600000  31.46330640  120.64744260  -6.37600000  0.00000000  0.00000000  2.69965278  
-5.68184687  -65.87969135  -6.37800000  31.46330870  120.64744480  -6.37800000  0.00000000  0.00000000  2.69531250  
-5.52550628  -65.68337535  -6.38200000  31.46331050  120.64744640  -6.38200000  0.00000000  0.00000000  2.67795139  
-5.37914502  -65.50903074  -6.38200000  31.46331210  120.64744790  -6.38200000  0.00000000  0.00000000  2.68663194  
-5.22256669  -65.30162713  -6.38200000  31.46331400  120.64744950  -6.38200000  0.00000000  0.00000000  2.67795139  
-5.09497530  -65.11578734  -6.38100000  31.46331570  120.64745080  -6.38100000  0.00000000  0.00000000  2.67795139  
-4.94790079  -64.90817994  -6.37900000  31.46331760  120.64745230  -6.37900000  0.00000000  0.00000000  2.67361111  
-4.82030941  -64.72234014  -6.37700000  31.46331930  120.64745360  -6.37700000  0.00000000  0.00000000  2.67361111  
-4.69200477  -64.50323755  -6.37400000  31.46332130  120.64745490  -6.37400000  0.00000000  0.00000000  2.64756944  
-4.59316259  -64.32787396  -6.37200000  31.46332290  120.64745590  -6.37200000  0.00000000  0.00000000  2.64756944  
-4.47436177  -64.10856757  -6.37000000  31.46332490  120.64745710  -6.37000000  0.00000000  0.00000000  2.64756944  
-4.36554027  -63.91123259  -6.36900000  31.46332670  120.64745820  -6.36900000  0.00000000  0.00000000  2.63020833  
-4.26622259  -63.71369380  -6.36900000  31.46332850  120.64745920  -6.36900000  0.00000000  0.00000000  2.62152778  
-4.16619165  -63.48289223  -6.36800000  31.46333060  120.64746020  -6.36800000  0.00000000  0.00000000  2.62152778  
-4.06639846  -63.26317826  -6.36700000  31.46333260  120.64746120  -6.36700000  0.00000000  0.00000000  2.60416667  
-3.98585065  -63.05414429  -6.36700000  31.46333450  120.64746200  -6.36700000  0.00000000  0.00000000  2.60416667  
-3.90530284  -62.84511033  -6.36600000  31.46333640  120.64746280  -6.36600000  0.00000000  0.00000000  2.60416667  
-3.82427953  -62.61390117  -6.36600000  31.46333850  120.64746360  -6.36600000  0.00000000  0.00000000  2.60416667  
-3.75323553  -62.40466341  -6.36600000  31.46334040  120.64746430  -6.36600000  0.00000000  0.00000000  2.59548611  
-3.68147828  -62.16216286  -6.36500000  31.46334260  120.64746500  -6.36500000  0.00000000  0.00000000  2.58680556  
-3.62944191  -61.95251751  -6.36300000  31.46334450  120.64746550  -6.36300000  0.00000000  0.00000000  2.57812500  
-3.56718846  -61.70981317  -6.36100000  31.46334670  120.64746610  -6.36100000  0.00000000  0.00000000  2.57812500  
-3.50350849  -61.40058326  -6.35800000  31.46334950  120.64746670  -6.35800000  0.00000000  0.00000000  2.56944444  
-3.46026267  -61.15747133  -6.35600000  31.46335170  120.64746710  -6.35600000  0.00000000  0.00000000  2.56944444  
-3.42723391  -60.94741840  -6.35300000  31.46335360  120.64746740  -6.35300000  0.00000000  0.00000000  2.56076389  
-3.39349190  -60.70410268  -6.35200000  31.46335580  120.64746770  -6.35200000  0.00000000  0.00000000  2.56076389  
-3.35832336  -60.39426138  -6.35100000  31.46335860  120.64746800  -6.35100000  0.00000000  0.00000000  2.56076389  
-3.33408515  -60.15074187  -6.35000000  31.46336080  120.64746820  -6.35000000  0.00000000  0.00000000  2.57812500  
-3.32933006  -59.92898996  -6.34900000  31.46336280  120.64746820  -6.34900000  0.00000000  0.00000000  2.58680556  
-3.31435790  -59.67417906  -6.34700000  31.46336510  120.64746830  -6.34700000  0.00000000  0.00000000  2.59548611  
-3.31696683  -59.35243500  -6.34500000  31.46336800  120.64746820  -6.34500000  0.00000000  0.00000000  2.60416667  
-3.32124003  -59.10830411  -6.34300000  31.46337020  120.64746810  -6.34300000  0.00000000  0.00000000  2.62152778  
-3.32598875  -58.88634841  -6.34200000  31.46337220  120.64746800  -6.34200000  0.00000000  0.00000000  2.63888889  
-3.34903181  -58.63072234  -6.34100000  31.46337450  120.64746770  -6.34100000  0.00000000  0.00000000  2.64756944  
-3.37278813  -58.40835905  -6.34100000  31.46337650  120.64746740  -6.34100000  0.00000000  0.00000000  2.67361111  
-3.40581050  -58.17470437  -6.34100000  31.46337860  120.64746700  -6.34100000  0.00000000  0.00000000  2.67795139  
-3.44786116  -57.91867071  -6.34200000  31.46338090  120.64746650  -6.34200000  0.00000000  0.00000000  2.70399306  
-3.48112128  -57.69610363  -6.34300000  31.46338290  120.64746610  -6.34300000  0.00000000  0.00000000  2.72569444  
-3.54217954  -57.43966239  -6.34400000  31.46338520  120.64746540  -6.34400000  0.00000000  0.00000000  2.73437500  
-3.59420950  -57.20560012  -6.34300000  31.46338730  120.64746480  -6.34300000  0.00000000  0.00000000  2.75173611  
-3.65526776  -56.94915888  -6.34100000  31.46338960  120.64746410  -6.34100000  0.00000000  0.00000000  2.76909722  
-3.70801098  -56.74835940  -6.33800000  31.46339140  120.64746350  -6.33800000  0.00000000  0.00000000  2.76909722  
-3.78831459  -56.50259816  -6.33600000  31.46339360  120.64746260  -6.33600000  0.00000000  0.00000000  2.77777778  
-3.87788424  -56.24554553  -6.33500000  31.46339590  120.64746160  -6.33500000  0.00000000  0.00000000  2.78645833  
-3.96769164  -55.99958049  -6.33600000  31.46339810  120.64746060  -6.33600000  0.00000000  0.00000000  2.79513889  
-4.05797455  -55.77579065  -6.33600000  31.46340010  120.64745960  -6.33600000  0.00000000  0.00000000  2.80381944  
-4.15728575  -55.52962182  -6.33700000  31.46340230  120.64745850  -6.33700000  0.00000000  0.00000000  2.81250000  
-4.26657625  -55.30542438  -6.33900000  31.46340430  120.64745730  -6.33900000  0.00000000  0.00000000  2.82986111  
-4.37562899  -55.07013935  -6.34000000  31.46340640  120.64745610  -6.34000000  0.00000000  0.00000000  2.83854167  
-4.47612895  -54.87940849  -6.33900000  31.46340810  120.64745500  -6.33900000  0.00000000  0.00000000  2.82986111  
-4.60418928  -54.64371586  -6.33800000  31.46341020  120.64745360  -6.33800000  0.00000000  0.00000000  2.83854167  
-4.72322132  -54.43040222  -6.33700000  31.46341210  120.64745230  -6.33700000  0.00000000  0.00000000  2.83854167  
-4.85199491  -54.22797238  -6.33700000  31.46341390  120.64745090  -6.33700000  0.00000000  0.00000000  2.82986111  
-4.99930058  -54.00295976  -6.33900000  31.46341590  120.64744930  -6.33900000  0.00000000  0.00000000  2.83854167  
-5.13757796  -53.80032612  -6.34200000  31.46341770  120.64744780  -6.34200000  0.00000000  0.00000000  2.84722222  
-5.29462517  -53.58619729  -6.34300000  31.46341960  120.64744610  -6.34300000  0.00000000  0.00000000  2.84722222  
-5.45214789  -53.39424365  -6.34200000  31.46342130  120.64744440  -6.34200000  0.00000000  0.00000000  2.85590278  
-5.61869889  -53.17991102  -6.34100000  31.46342320  120.64744260  -6.34100000  0.00000000  0.00000000  2.84722222  
-5.75768952  -53.01054016  -6.34100000  31.46342470  120.64744110  -6.34100000  0.00000000  0.00000000  2.85590278  
-5.93398207  -52.80709133  -6.34000000  31.46342650  120.64743920  -6.34000000  0.00000000  0.00000000  2.86458333  
-6.10124632  -52.62602148  -6.34000000  31.46342810  120.64743740  -6.34000000  0.00000000  0.00000000  2.86458333  
-6.26874833  -52.45603922  -6.34000000  31.46342960  120.64743560  -6.34000000  0.00000000  0.00000000  2.84722222  
-6.46428621  -52.26327038  -6.34000000  31.46343130  120.64743350  -6.34000000  0.00000000  0.00000000  2.84722222  
-6.66006184  -52.08158913  -6.33700000  31.46343290  120.64743140  -6.33700000  0.00000000  0.00000000  2.82986111  
-6.86557903  -51.91079167  -6.33500000  31.46343440  120.64742920  -6.33500000  0.00000000  0.00000000  2.82986111  
-7.05256413  -51.76257700  -6.33200000  31.46343570  120.64742720  -6.33200000  0.00000000  0.00000000  2.81250000  
-7.25831906  -51.60286713  -6.33300000  31.46343710  120.64742500  -6.33300000  0.00000000  0.00000000  2.81250000  
-7.45504570  -51.46553625  -6.33400000  31.46343830  120.64742290  -6.33400000  0.00000000  0.00000000  2.79513889  
-7.67030442  -51.30562258  -6.33400000  31.46343970  120.64742060  -6.33400000  0.00000000  0.00000000  2.76041667  
-7.83899518  -51.19107827  -6.33200000  31.46344070  120.64741880  -6.33200000  0.00000000  0.00000000  2.76041667  
-8.06423320  -51.05313598  -6.33000000  31.46344190  120.64741640  -6.33000000  0.00000000  0.00000000  2.73437500  
-8.26143535  -50.93798028  -6.32800000  31.46344290  120.64741430  -6.32800000  0.00000000  0.00000000  2.72569444  
-8.46814128  -50.82262077  -6.32700000  31.46344390  120.64741210  -6.32700000  0.00000000  0.00000000  2.72135417  
-8.69361705  -50.69576606  -6.32600000  31.46344500  120.64740970  -6.32600000  0.00000000  0.00000000  2.70399306  
-8.91933057  -50.57999895  -6.32600000  31.46344600  120.64740730  -6.32600000  0.00000000  0.00000000  2.70399306  
-9.12627426  -50.47572702  -6.32300000  31.46344690  120.64740510  -6.32300000  0.00000000  0.00000000  2.67361111  
-9.33369347  -50.39363028  -6.31700000  31.46344760  120.64740290  -6.31700000  0.00000000  0.00000000  2.67361111  
-9.56938630  -50.29983454  -6.30900000  31.46344840  120.64740040  -6.30900000  0.00000000  0.00000000  2.64756944  
-9.80507912  -50.20603880  -6.30300000  31.46344920  120.64739790  -6.30300000  0.00000000  0.00000000  2.63888889  
-10.04100971  -50.12333064  -6.30100000  31.46344990  120.64739540  -6.30100000  0.00000000  0.00000000  2.62152778  
-10.35273290  -50.02790449  -6.30100000  31.46345070  120.64739210  -6.30100000  0.00000000  0.00000000  2.63020833  
-10.58890125  -49.95628392  -6.30000000  31.46345130  120.64738960  -6.30000000  0.00000000  0.00000000  2.60416667  
-10.80629975  -49.89615854  -6.29700000  31.46345180  120.64738730  -6.29700000  0.00000000  0.00000000  2.61284722  
-11.05244741  -49.84650935  -6.29400000  31.46345220  120.64738470  -6.29400000  0.00000000  0.00000000  2.59548611  
-11.26057988  -49.79767536  -6.29100000  31.46345260  120.64738250  -6.29100000  0.00000000  0.00000000  2.58680556  
-11.50672754  -49.74802616  -6.29000000  31.46345300  120.64737990  -6.29000000  0.00000000  0.00000000  2.57812500  
-11.72436381  -49.69898836  -6.28000000  31.46345340  120.64737760  -6.28000000  0.00000000  0.00000000  2.56944444  
-11.96148319  -49.67171814  -6.27900000  31.46345360  120.64737510  -6.27900000  0.00000000  0.00000000  2.56944444  
-12.17959498  -49.64485552  -6.27800000  31.46345380  120.64737280  -6.27800000  0.00000000  0.00000000  2.56076389  
-12.42621816  -49.61738148  -6.27700000  31.46345400  120.64737020  -6.27700000  0.00000000  0.00000000  2.56076389  
-12.64456772  -49.60160645  -6.27600000  31.46345410  120.64736790  -6.27600000  0.00000000  0.00000000  2.56076389  
-12.89166642  -49.59630760  -6.27600000  31.46345410  120.64736530  -6.27600000  0.00000000  0.00000000  2.56944444  
-13.20529171  -49.58958213  -6.27600000  31.46345410  120.64736200  -6.27600000  0.00000000  0.00000000  2.55208333  
-13.44312439  -49.59557466  -6.27600000  31.46345400  120.64735950  -6.27600000  0.00000000  0.00000000  2.55208333  
-13.66194948  -49.60197480  -6.27500000  31.46345390  120.64735720  -6.27500000  0.00000000  0.00000000  2.54340278  
-13.90928595  -49.60776352  -6.27400000  31.46345380  120.64735460  -6.27400000  0.00000000  0.00000000  2.54340278  
-14.22362454  -49.63430080  -6.27400000  31.46345350  120.64735130  -6.27400000  0.00000000  0.00000000  2.53472222  
-14.46193276  -49.66246851  -6.27300000  31.46345320  120.64734880  -6.27300000  0.00000000  0.00000000  2.54340278  
-14.68123338  -49.69104381  -6.27200000  31.46345290  120.64734650  -6.27200000  0.00000000  0.00000000  2.53472222  
-14.91027557  -49.73050291  -6.27100000  31.46345250  120.64734410  -6.27100000  0.00000000  0.00000000  2.53472222  
-15.22532747  -49.79030295  -6.27100000  31.46345190  120.64734080  -6.27100000  0.00000000  0.00000000  2.53472222  
-15.45484521  -49.85193723  -6.27100000  31.46345130  120.64733840  -6.27100000  0.00000000  0.00000000  2.51736111  
-15.66511758  -49.90289151  -6.27000000  31.46345080  120.64733620  -6.27000000  0.00000000  0.00000000  2.50868056  
-15.89463532  -49.96452577  -6.26800000  31.46345020  120.64733380  -6.26800000  0.00000000  0.00000000  2.51736111  
-16.09564167  -50.02677145  -6.26700000  31.46344960  120.64733170  -6.26700000  0.00000000  0.00000000  2.51736111  
-16.32539718  -50.09949330  -6.26600000  31.46344890  120.64732930  -6.26600000  0.00000000  0.00000000  2.49565972  
-16.52640354  -50.16173896  -6.26500000  31.46344830  120.64732720  -6.26500000  0.00000000  0.00000000  2.50000000  
-16.74689303  -50.24575221  -6.26500000  31.46344750  120.64732490  -6.26500000  0.00000000  0.00000000  2.49131944  
-16.96738253  -50.32976545  -6.26500000  31.46344670  120.64732260  -6.26500000  0.00000000  0.00000000  2.49131944  
-17.15936063  -50.41439010  -6.26500000  31.46344590  120.64732060  -6.26500000  0.00000000  0.00000000  2.49131944  
-17.35133874  -50.49901475  -6.26400000  31.46344510  120.64731860  -6.26400000  0.00000000  0.00000000  2.47395833  
-17.56280000  -50.60540697  -6.26200000  31.46344410  120.64731640  -6.26200000  0.00000000  0.00000000  2.47395833  
-17.75501588  -50.70111921  -6.26000000  31.46344320  120.64731440  -6.26000000  0.00000000  0.00000000  2.45659722  
-17.95697334  -50.80771524  -6.25700000  31.46344220  120.64731230  -6.25700000  0.00000000  0.00000000  2.45659722  
-18.13992321  -50.91471887  -6.25400000  31.46344120  120.64731040  -6.25400000  0.00000000  0.00000000  2.45659722  
-18.32287309  -51.02172250  -6.25300000  31.46344020  120.64730850  -6.25300000  0.00000000  0.00000000  2.45659722  
-18.51604008  -51.16178511  -6.26100000  31.46343890  120.64730650  -6.26100000  0.00000000  0.00000000  2.45659722  
-18.69898996  -51.26878873  -6.26000000  31.46343790  120.64730460  -6.26000000  0.00000000  0.00000000  2.45659722  
-18.89215696  -51.40885134  -6.25800000  31.46343660  120.64730260  -6.25800000  0.00000000  0.00000000  2.45659722  
-19.05633702  -51.52735017  -6.25500000  31.46343550  120.64730090  -6.25500000  0.00000000  0.00000000  2.45659722  
-19.24950403  -51.66741276  -6.25300000  31.46343420  120.64729890  -6.25300000  0.00000000  0.00000000  2.45659722  
-19.41392188  -51.79699918  -6.25100000  31.46343300  120.64729720  -6.25100000  0.00000000  0.00000000  2.44791667  
-19.59782287  -51.94835318  -6.24900000  31.46343160  120.64729530  -6.24900000  0.00000000  0.00000000  2.45659722  
-19.82092792  -52.15432992  -6.24700000  31.46342970  120.64729300  -6.24700000  0.00000000  0.00000000  2.45659722  
-19.99532513  -52.30588772  -6.24500000  31.46342830  120.64729120  -6.24500000  0.00000000  0.00000000  2.45659722  
-20.14121094  -52.45805693  -6.24500000  31.46342690  120.64728970  -6.24500000  0.00000000  0.00000000  2.45659722  
-20.30634213  -52.62090613  -6.24400000  31.46342540  120.64728800  -6.24400000  0.00000000  0.00000000  2.46527778  
-20.52018119  -52.83817426  -6.24500000  31.46342340  120.64728580  -6.24500000  0.00000000  0.00000000  2.45659722  
-20.67604636  -53.01231486  -6.24500000  31.46342180  120.64728420  -6.24500000  0.00000000  0.00000000  2.47395833  
-20.81266617  -53.17577547  -6.24500000  31.46342030  120.64728280  -6.24500000  0.00000000  0.00000000  2.45659722  
-20.95926532  -53.36120747  -6.24500000  31.46341860  120.64728130  -6.24500000  0.00000000  0.00000000  2.47395833  
-21.14506856  -53.60126221  -6.24500000  31.46341640  120.64727940  -6.24500000  0.00000000  0.00000000  2.48263889  
-21.28240170  -53.79798561  -6.24500000  31.46341460  120.64727800  -6.24500000  0.00000000  0.00000000  2.48263889  
-21.40025169  -53.97294143  -6.24400000  31.46341300  120.64727680  -6.24400000  0.00000000  0.00000000  2.49131944  
-21.53758484  -54.16966483  -6.24400000  31.46341120  120.64727540  -6.24400000  0.00000000  0.00000000  2.48263889  
-21.69535225  -54.43250618  -6.24600000  31.46340880  120.64727380  -6.24600000  0.00000000  0.00000000  2.49131944  
-21.81367781  -54.62963720  -6.24500000  31.46340700  120.64727260  -6.24500000  0.00000000  0.00000000  2.49131944  
-21.91275799  -54.81608823  -6.24500000  31.46340530  120.64727160  -6.24500000  0.00000000  2.00000000  2.48263889  
-22.02181753  -55.02451065  -6.24400000  31.46340340  120.64727050  -6.24400000  0.00000000  3.00000000  2.45659722  
-22.15107355  -55.28796342  -6.24300000  31.46340100  120.64726920  -6.24300000  0.00000000  3.00000000  2.40451389  
-22.24112550  -55.49679346  -6.24400000  31.46339910  120.64726830  -6.24400000  0.00000000  3.00000000  2.36111111  
-22.32119809  -55.68365211  -6.24400000  31.46339740  120.64726750  -6.24400000  0.00000000  2.00000000  2.34375000  
-22.40150846  -55.88159836  -6.24400000  31.46339560  120.64726670  -6.24400000  0.00000000  2.00000000  2.30034722  
-22.50225309  -56.14566257  -6.24300000  31.46339320  120.64726570  -6.24300000  0.00000000  2.00000000  2.26128472  
-22.56355586  -56.34401643  -6.24400000  31.46339140  120.64726510  -6.24400000  0.00000000  2.00000000  2.21354167  
-22.64505512  -56.59740066  -6.24400000  31.46338910  120.64726430  -6.24400000  0.00000000  3.00000000  2.19618056  
-22.70635790  -56.79575453  -6.24300000  31.46338730  120.64726370  -6.24300000  0.00000000  6.00000000  2.12673611  
-22.77859113  -57.06043016  -6.24100000  31.46338490  120.64726300  -6.24100000  0.00000000  5.00000000  2.07899306  
-22.83157898  -57.31442582  -6.24100000  31.46338260  120.64726250  -6.24100000  0.00000000  6.00000000  1.99652778  
-22.88432906  -57.55733389  -6.24000000  31.46338040  120.64726200  -6.24000000  0.00000000  6.00000000  1.91406250  
-22.92757534  -57.80044576  -6.24000000  31.46337820  120.64726160  -6.24000000  0.00000000  6.00000000  1.81857639  
-22.97034607  -58.02138244  -6.24000000  31.46337620  120.64726120  -6.24000000  0.00000000  6.00000000  1.73611111  
-22.99458474  -58.26490193  -6.24400000  31.46337400  120.64726100  -6.24400000  0.00000000  7.00000000  1.64496528  
-23.01787231  -58.46407104  -6.24300000  31.46337220  120.64726080  -6.24300000  0.00000000  12.00000000  1.54513889  
-23.04187320  -58.69650294  -6.23700000  31.46337010  120.64726060  -6.23700000  0.00000000  16.00000000  1.27170139  
-23.05589474  -58.90696346  -6.23300000  31.46336820  120.64726050  -6.23300000  0.00000000  16.00000000  0.94618056  
