-300
-24.35124381  -57.68117328  -6.16900000  31.46337900  120.64724660  -6.16900000  0.00000000  0.00000000  1.35416667  
-24.28043719  -57.48302323  -6.16800000  31.46338080  120.64724730  -6.16800000  0.00000000  0.00000000  1.40190972  
-24.20012677  -57.28507699  -6.16700000  31.46338260  120.64724810  -6.16700000  0.00000000  0.00000000  1.45399306  
-24.10983700  -57.06515937  -6.16700000  31.46338460  120.64724900  -6.16700000  0.00000000  0.00000000  1.50607639  
-24.01028120  -56.85653316  -6.16700000  31.46338650  120.64725000  -6.16700000  0.00000000  0.00000000  1.53645833  
-23.92070477  -56.66987833  -6.16700000  31.46338820  120.64725090  -6.16700000  0.00000000  0.00000000  1.56250000  
-23.82114898  -56.46125212  -6.16600000  31.46339010  120.64725190  -6.16600000  0.00000000  0.00000000  1.57986111  
-23.72206875  -56.27480110  -6.16500000  31.46339180  120.64725290  -6.16500000  0.00000000  0.00000000  1.60156250  
-23.61324694  -56.07746630  -6.16500000  31.46339360  120.64725400  -6.16500000  0.00000000  0.00000000  1.61024306  
-23.50466291  -55.89121909  -6.16400000  31.46339530  120.64725510  -6.16400000  0.00000000  0.00000000  1.62760417  
-23.37683350  -55.69429190  -6.16300000  31.46339710  120.64725640  -6.16300000  0.00000000  0.00000000  1.63628472  
-23.25874568  -55.50824850  -6.16200000  31.46339880  120.64725760  -6.16200000  0.00000000  0.00000000  1.63628472  
-23.13115406  -55.32240891  -6.16200000  31.46340050  120.64725890  -6.16200000  0.00000000  0.00000000  1.63628472  
-23.00380022  -55.14765691  -6.16100000  31.46340210  120.64726020  -6.16100000  0.00000000  0.00000000  1.62760417  
-22.86694258  -54.97310873  -6.16000000  31.46340370  120.64726160  -6.16000000  0.00000000  0.00000000  1.62760417  
-22.73958874  -54.79835673  -6.16000000  31.46340530  120.64726290  -6.16000000  0.00000000  0.00000000  1.61892361  
-22.59322731  -54.62401235  -6.15900000  31.46340690  120.64726440  -6.15900000  0.00000000  0.00000000  1.61892361  
-22.44710366  -54.46075557  -6.15800000  31.46340840  120.64726590  -6.15800000  0.00000000  0.00000000  1.61892361  
-22.30098001  -54.29749878  -6.15800000  31.46340990  120.64726740  -6.15800000  0.00000000  0.00000000  1.62760417  
-22.15509414  -54.14532959  -6.15700000  31.46341130  120.64726890  -6.15700000  0.00000000  0.00000000  1.61892361  
-21.99946670  -53.98227661  -6.15700000  31.46341280  120.64727050  -6.15700000  0.00000000  0.00000000  1.61892361  
-21.84407704  -53.83031122  -6.15600000  31.46341420  120.64727210  -6.15600000  0.00000000  0.00000000  1.62760417  
-21.67918359  -53.67854964  -6.15600000  31.46341560  120.64727380  -6.15600000  0.00000000  0.00000000  1.61892361  
-21.51452791  -53.53787566  -6.15600000  31.46341690  120.64727550  -6.15600000  0.00000000  0.00000000  1.61892361  
-21.34987223  -53.39720167  -6.15500000  31.46341820  120.64727720  -6.15500000  0.00000000  0.00000000  1.61892361  
-21.17571277  -53.25673149  -6.15400000  31.46341950  120.64727900  -6.15400000  0.00000000  0.00000000  1.62760417  
-21.00155330  -53.11626131  -6.15300000  31.46342080  120.64728080  -6.15300000  0.00000000  0.00000000  1.63628472  
-20.82763162  -52.98687872  -6.15400000  31.46342200  120.64728260  -6.15400000  0.00000000  0.00000000  1.66232639  
-20.62496076  -52.84701996  -6.15400000  31.46342330  120.64728470  -6.15400000  0.00000000  0.00000000  1.69704861  
-20.43179371  -52.70695739  -6.15300000  31.46342460  120.64728670  -6.15300000  0.00000000  0.00000000  1.73611111  
-20.21985684  -52.57839002  -6.15200000  31.46342580  120.64728890  -6.15200000  0.00000000  0.00000000  1.77083333  
-20.02716535  -52.46050264  -6.15200000  31.46342690  120.64729090  -6.15200000  0.00000000  0.00000000  1.80555556  
-19.78647932  -52.32145909  -6.15400000  31.46342820  120.64729340  -6.15400000  0.00000000  0.00000000  1.87934028  
-19.54603106  -52.19350314  -6.15500000  31.46342940  120.64729590  -6.15500000  0.00000000  0.00000000  1.93576389  
-19.36331893  -52.09758713  -6.15700000  31.46343030  120.64729780  -6.15700000  0.00000000  0.00000000  2.01388889  
-19.15209540  -52.00228253  -6.15800000  31.46343120  120.64730000  -6.15800000  0.00000000  0.00000000  2.03125000  
-18.96962105  -51.91745411  -6.16000000  31.46343200  120.64730190  -6.16000000  0.00000000  0.00000000  2.07031250  
-18.70113696  -51.81228475  -6.16300000  31.46343300  120.64730470  -6.16300000  0.00000000  0.00000000  2.14409722  
-18.50915881  -51.72766012  -6.16500000  31.46343380  120.64730670  -6.16500000  0.00000000  0.00000000  2.20486111  
-18.25041631  -51.63337455  -6.16600000  31.46343470  120.64730940  -6.16600000  0.00000000  0.00000000  2.23090278  
-18.03966834  -51.56024512  -6.16600000  31.46343540  120.64731160  -6.16600000  0.00000000  0.00000000  2.27430556  
-17.74314843  -51.47786235  -6.16800000  31.46343620  120.64731470  -6.16800000  0.00000000  0.00000000  2.27430556  
-17.47537768  -51.40595576  -6.16900000  31.46343690  120.64731750  -6.16900000  0.00000000  0.00000000  2.28298611  
-17.26510526  -51.35500151  -6.16900000  31.46343740  120.64731970  -6.16900000  0.00000000  0.00000000  2.23090278  
-16.97856469  -51.29459011  -6.16700000  31.46343800  120.64732270  -6.16700000  0.00000000  0.00000000  2.23958333  
-16.76853005  -51.25472345  -6.16700000  31.46343840  120.64732490  -6.16700000  0.00000000  0.00000000  2.18750000  
-16.51073866  -51.20478821  -6.16600000  31.46343890  120.64732760  -6.16600000  0.00000000  0.00000000  2.17881944  
-16.30117956  -51.18709673  -6.16700000  31.46343910  120.64732980  -6.16700000  0.00000000  0.00000000  2.15277778  
-16.02461834  -51.14865669  -6.16800000  31.46343950  120.64733270  -6.16800000  0.00000000  0.00000000  2.14409722  
-15.75803645  -51.13218803  -6.16900000  31.46343970  120.64733550  -6.16900000  0.00000000  0.00000000  2.11805556  
-15.55798116  -51.11429273  -6.17300000  31.46343990  120.64733760  -6.17300000  0.00000000  0.00000000  2.10937500  
-15.28189548  -51.09802787  -6.17500000  31.46344010  120.64734050  -6.17500000  0.00000000  0.00000000  2.15277778  
-15.07281192  -51.10251155  -6.17400000  31.46344010  120.64734270  -6.17400000  0.00000000  0.00000000  2.13541667  
-14.79696402  -51.09733427  -6.17200000  31.46344020  120.64734560  -6.17200000  0.00000000  0.00000000  2.19618056  
-14.58811823  -51.11290554  -6.17200000  31.46344010  120.64734780  -6.17200000  0.00000000  0.00000000  2.20486111  
-14.29373826  -51.13031104  -6.17300000  31.46344000  120.64735090  -6.17300000  0.00000000  0.00000000  2.25694444  
-14.00909985  -51.15860033  -6.17300000  31.46343980  120.64735390  -6.17300000  0.00000000  0.00000000  2.30034722  
-13.79098803  -51.18546299  -6.17400000  31.46343960  120.64735620  -6.17400000  0.00000000  0.00000000  2.30902778  
-13.59188380  -51.21191804  -6.17400000  31.46343940  120.64735830  -6.17400000  0.00000000  0.00000000  2.35243056  
-13.36450595  -51.25007208  -6.17400000  31.46343910  120.64736070  -6.17400000  0.00000000  0.00000000  2.36111111  
-13.15613569  -51.28781852  -6.17500000  31.46343880  120.64736290  -6.17500000  0.00000000  0.00000000  2.39583333  
-12.95726922  -51.32536115  -6.17500000  31.46343850  120.64736500  -6.17500000  0.00000000  0.00000000  2.44791667  
-12.73036690  -51.38569038  -6.17400000  31.46343800  120.64736740  -6.17400000  0.00000000  0.00000000  2.46527778  
-12.52223440  -51.43452440  -6.17400000  31.46343760  120.64736960  -6.17400000  0.00000000  0.00000000  2.50000000  
-12.28606603  -51.50614501  -6.17400000  31.46343700  120.64737210  -6.17400000  0.00000000  0.00000000  2.52604167  
-11.98384660  -51.60136742  -6.17600000  31.46343620  120.64737530  -6.17600000  0.00000000  0.00000000  2.58680556  
-11.73817443  -51.67319182  -6.17700000  31.46343560  120.64737790  -6.17700000  0.00000000  0.00000000  2.60416667  
-11.53075521  -51.75528861  -6.17800000  31.46343490  120.64738010  -6.17800000  0.00000000  0.00000000  2.63888889  
-11.29506236  -51.84908439  -6.17800000  31.46343410  120.64738260  -6.17800000  0.00000000  0.00000000  2.64756944  
-11.10665074  -51.93077357  -6.17900000  31.46343340  120.64738460  -6.17900000  0.00000000  0.00000000  2.64756944  
-10.88069944  -52.03545313  -6.18200000  31.46343250  120.64738700  -6.18200000  0.00000000  0.00000000  2.66493056  
-10.68325954  -52.13952129  -6.18500000  31.46343160  120.64738910  -6.18500000  0.00000000  0.00000000  2.65625000  
-10.45754599  -52.25528845  -6.18700000  31.46343060  120.64739150  -6.18700000  0.00000000  0.00000000  2.66493056  
-10.26034384  -52.37044420  -6.19000000  31.46342960  120.64739360  -6.19000000  0.00000000  0.00000000  2.65625000  
-10.06314169  -52.48559994  -6.19200000  31.46342860  120.64739570  -6.19200000  0.00000000  0.00000000  2.66927083  
-9.84716969  -52.61225088  -6.19600000  31.46342750  120.64739800  -6.19600000  0.00000000  0.00000000  2.67361111  
-9.65970909  -52.73829041  -6.20000000  31.46342640  120.64740000  -6.20000000  0.00000000  0.00000000  2.66493056  
-9.45347865  -52.87582513  -6.20400000  31.46342520  120.64740220  -6.20400000  0.00000000  0.00000000  2.66493056  
-9.24748596  -53.02444745  -6.20800000  31.46342390  120.64740440  -6.20800000  0.00000000  0.00000000  2.65625000  
-9.06976690  -53.16137077  -6.21100000  31.46342270  120.64740630  -6.21100000  0.00000000  0.00000000  2.64756944  
-8.87327800  -53.30978927  -6.21400000  31.46342140  120.64740840  -6.21400000  0.00000000  0.00000000  2.65625000  
-8.70530050  -53.45759638  -6.21800000  31.46342010  120.64741020  -6.21800000  0.00000000  0.00000000  2.64756944  
-8.51855315  -53.61689868  -6.22300000  31.46341870  120.64741220  -6.22300000  0.00000000  0.00000000  2.64756944  
-8.34154735  -53.78708478  -6.22500000  31.46341720  120.64741410  -6.22500000  0.00000000  0.00000000  2.63888889  
-8.16477931  -53.96835846  -6.22400000  31.46341560  120.64741600  -6.22400000  0.00000000  0.00000000  2.61284722  
-7.95094710  -54.19479771  -6.22200000  31.46341360  120.64741830  -6.22200000  0.00000000  0.00000000  2.60416667  
-7.78368285  -54.37586759  -6.22300000  31.46341200  120.64742010  -6.22300000  0.00000000  0.00000000  2.59548611  
-7.64469223  -54.54523848  -6.22300000  31.46341050  120.64742160  -6.22300000  0.00000000  0.00000000  2.59548611  
-7.48693177  -54.72610456  -6.22300000  31.46340890  120.64742330  -6.22300000  0.00000000  0.00000000  2.56944444  
-7.29258265  -54.97431140  -6.22200000  31.46340670  120.64742540  -6.22200000  0.00000000  0.00000000  2.54340278  
-7.15406753  -55.16585747  -6.22300000  31.46340500  120.64742690  -6.22300000  0.00000000  0.00000000  2.53472222  
-7.03408450  -55.33482076  -6.22300000  31.46340350  120.64742820  -6.22300000  0.00000000  0.00000000  2.52604167  
-6.90531093  -55.53725063  -6.22300000  31.46340170  120.64742960  -6.22300000  0.00000000  0.00000000  2.49565972  
-6.73947319  -55.78484606  -6.22100000  31.46339950  120.64743140  -6.22100000  0.00000000  0.00000000  2.47395833  
-6.62970722  -55.98686833  -6.21900000  31.46339770  120.64743260  -6.21900000  0.00000000  0.00000000  2.43923611  
-6.52896953  -56.16651162  -6.21800000  31.46339610  120.64743370  -6.21800000  0.00000000  0.00000000  2.43923611  
-6.41920354  -56.36853389  -6.21700000  31.46339430  120.64743490  -6.21700000  0.00000000  0.00000000  2.40451389  
-6.29161874  -56.62640173  -6.21700000  31.46339200  120.64743630  -6.21700000  0.00000000  0.00000000  2.36979167  
-6.20086036  -56.82801641  -6.21700000  31.46339020  120.64743730  -6.21700000  0.00000000  0.00000000  2.35243056  
-6.08325486  -57.10785563  -6.21300000  31.46338770  120.64743860  -6.21300000  0.00000000  0.00000000  2.30034722  
-6.00176251  -57.29817892  -6.21000000  31.46338600  120.64743950  -6.21000000  0.00000000  0.00000000  2.27864583  
-5.92977396  -57.48829840  -6.20800000  31.46338430  120.64744030  -6.20800000  0.00000000  0.00000000  2.27864583  
-5.85826092  -57.70059308  -6.20800000  31.46338240  120.64744110  -6.20800000  0.00000000  0.00000000  2.25694444  
-5.76892906  -57.96873333  -6.20700000  31.46338000  120.64744210  -6.20700000  0.00000000  0.00000000  2.26128472  
-5.70668206  -58.16973661  -6.20700000  31.46337820  120.64744280  -6.20700000  0.00000000  0.00000000  2.26996528  
-5.62732951  -58.45984825  -6.20500000  31.46337560  120.64744370  -6.20500000  0.00000000  0.00000000  2.28732639  
-5.55771851  -58.76084369  -6.20300000  31.46337290  120.64744450  -6.20300000  0.00000000  0.00000000  2.32638889  
-5.51471687  -58.97252698  -6.20200000  31.46337100  120.64744500  -6.20200000  0.00000000  0.00000000  2.33506944  
-5.48098127  -59.17291887  -6.19800000  31.46336920  120.64744540  -6.19800000  0.00000000  0.00000000  2.36979167  
-5.44772119  -59.39548596  -6.19700000  31.46336720  120.64744580  -6.19700000  0.00000000  0.00000000  2.39583333  
-5.42348939  -59.59567406  -6.19600000  31.46336540  120.64744610  -6.19600000  0.00000000  0.00000000  2.41319444  
-5.39997087  -59.82912496  -6.19600000  31.46336330  120.64744640  -6.19600000  0.00000000  0.00000000  2.44791667  
-5.36837507  -60.12930521  -6.19700000  31.46336060  120.64744680  -6.19700000  0.00000000  0.00000000  2.50000000  
-5.35459811  -60.37363990  -6.19800000  31.46335840  120.64744700  -6.19800000  0.00000000  0.00000000  2.51736111  
-5.34961168  -60.58450801  -6.20000000  31.46335650  120.64744710  -6.20000000  0.00000000  0.00000000  2.56076389  
-5.34533851  -60.82863890  -6.20200000  31.46335430  120.64744720  -6.20200000  0.00000000  0.00000000  2.58680556  
-5.36173726  -61.14997538  -6.20500000  31.46335140  120.64744710  -6.20500000  0.00000000  0.00000000  2.63888889  
-5.36720566  -61.40499007  -6.20800000  31.46334910  120.64744710  -6.20800000  0.00000000  0.00000000  2.66493056  
-5.39096840  -61.62633439  -6.20900000  31.46334710  120.64744690  -6.20900000  0.00000000  0.00000000  2.70399306  
-5.41544441  -61.88094150  -6.21100000  31.46334480  120.64744670  -6.21100000  0.00000000  0.00000000  2.72569444  
-5.43896940  -62.09119822  -6.21300000  31.46334290  120.64744650  -6.21300000  0.00000000  0.00000000  2.75173611  
-5.48245303  -62.34539774  -6.21500000  31.46334060  120.64744610  -6.21500000  0.00000000  0.00000000  2.77777778  
-5.52546115  -62.57742207  -6.21600000  31.46333850  120.64744570  -6.21600000  0.00000000  0.00000000  2.77777778  
-5.57868635  -62.84250539  -6.21700000  31.46333610  120.64744520  -6.21700000  0.00000000  0.00000000  2.78645833  
-5.63119828  -63.07432592  -6.21600000  31.46333400  120.64744470  -6.21600000  0.00000000  0.00000000  2.81250000  
-5.69321402  -63.30594265  -6.21500000  31.46333190  120.64744410  -6.21500000  0.00000000  0.00000000  2.82118056  
-5.76520908  -63.55953078  -6.21600000  31.46332960  120.64744340  -6.21600000  0.00000000  0.00000000  2.82986111  
-5.84647020  -63.80182752  -6.21800000  31.46332740  120.64744260  -6.21800000  0.00000000  0.00000000  2.82986111  
-5.92749357  -64.03303667  -6.22100000  31.46332530  120.64744180  -6.22100000  0.00000000  0.00000000  2.82118056  
-6.01825851  -64.27512962  -6.22300000  31.46332310  120.64744090  -6.22300000  0.00000000  0.00000000  2.81250000  
-6.11805174  -64.49484357  -6.22400000  31.46332110  120.64743990  -6.22400000  0.00000000  0.00000000  2.78645833  
-6.21808274  -64.72564513  -6.22400000  31.46331900  120.64743890  -6.22400000  0.00000000  0.00000000  2.78645833  
-6.32737979  -64.94515529  -6.22600000  31.46331700  120.64743780  -6.22600000  0.00000000  0.00000000  2.80381944  
-6.42693528  -65.15378165  -6.22900000  31.46331510  120.64743680  -6.22900000  0.00000000  0.00000000  2.81250000  
-6.54597391  -65.38417561  -6.23100000  31.46331300  120.64743560  -6.23100000  0.00000000  0.00000000  2.81250000  
-6.66453703  -65.59239438  -6.23100000  31.46331110  120.64743440  -6.23100000  0.00000000  0.00000000  2.79513889  
-6.79284172  -65.81149694  -6.23000000  31.46330910  120.64743310  -6.23000000  0.00000000  0.00000000  2.77777778  
-6.91069158  -65.98645292  -6.22800000  31.46330750  120.64743190  -6.22800000  0.00000000  0.00000000  2.75173611  
-7.05776615  -66.19406030  -6.22600000  31.46330560  120.64743040  -6.22600000  0.00000000  0.00000000  2.73437500  
-7.18559534  -66.39098767  -6.22400000  31.46330380  120.64742910  -6.22400000  0.00000000  0.00000000  2.75173611  
-7.34193597  -66.58730365  -6.22300000  31.46330200  120.64742750  -6.22300000  0.00000000  0.00000000  2.74305556  
-7.48853504  -66.77273583  -6.22700000  31.46330030  120.64742600  -6.22700000  0.00000000  0.00000000  2.75173611  
-7.63489635  -66.94708042  -6.23000000  31.46329870  120.64742450  -6.23000000  0.00000000  0.00000000  2.73437500  
-7.80074081  -67.14319260  -6.23200000  31.46329690  120.64742280  -6.23200000  0.00000000  0.00000000  2.71701389  
-7.95636819  -67.30624578  -6.23000000  31.46329540  120.64742120  -6.23000000  0.00000000  0.00000000  2.70399306  
-8.13147871  -67.49106657  -6.22500000  31.46329370  120.64741940  -6.22500000  0.00000000  0.00000000  2.66493056  
-8.35505934  -67.71921874  -6.22200000  31.46329160  120.64741710  -6.22200000  0.00000000  0.00000000  2.67361111  
-8.53919817  -67.88166053  -6.22200000  31.46329010  120.64741520  -6.22200000  0.00000000  0.00000000  2.65625000  
-8.70409163  -68.03342232  -6.22300000  31.46328870  120.64741350  -6.22300000  0.00000000  0.00000000  2.63020833  
-8.88799271  -68.18477650  -6.22200000  31.46328730  120.64741160  -6.22200000  0.00000000  0.00000000  2.60416667  
-9.13937153  -68.37905449  -6.21800000  31.46328550  120.64740900  -6.21800000  0.00000000  0.00000000  2.55208333  
-9.33253868  -68.51911728  -6.21500000  31.46328420  120.64740700  -6.21500000  0.00000000  0.00000000  2.54340278  
-9.49695664  -68.64870386  -6.21200000  31.46328300  120.64740530  -6.21200000  0.00000000  0.00000000  2.50868056  
-9.68988604  -68.77767904  -6.20900000  31.46328180  120.64740330  -6.20900000  0.00000000  0.00000000  2.48263889  
-9.87283611  -68.88468283  -6.20800000  31.46328080  120.64740140  -6.20800000  0.00000000  0.00000000  2.46527778  
-10.06552776  -69.00257042  -6.20600000  31.46327970  120.64739940  -6.20600000  0.00000000  0.00000000  2.43055556  
-10.31595558  -69.15249799  -6.20100000  31.46327830  120.64739680  -6.20100000  0.00000000  0.00000000  2.38715278  
-10.51767553  -69.24800658  -6.19700000  31.46327740  120.64739470  -6.19700000  0.00000000  0.00000000  2.35243056  
-10.78687323  -69.38643895  -6.19300000  31.46327610  120.64739190  -6.19300000  0.00000000  0.00000000  2.30902778  
-10.97908937  -69.48215132  -6.19300000  31.46327520  120.64738990  -6.19300000  0.00000000  0.00000000  2.29600694  
-11.22856617  -69.58772850  -6.19100000  31.46327420  120.64738730  -6.19100000  0.00000000  0.00000000  2.21354167  
-11.42030680  -69.66126568  -6.18600000  31.46327350  120.64738530  -6.18600000  0.00000000  0.00000000  2.17881944  
-11.68855348  -69.75534764  -6.18000000  31.46327260  120.64738250  -6.18000000  0.00000000  0.00000000  2.14409722  
-11.92805095  -69.83895341  -6.17900000  31.46327180  120.64738000  -6.17900000  0.00000000  0.00000000  2.09635417  
-12.12905764  -69.90119918  -6.17800000  31.46327120  120.64737790  -6.17800000  0.00000000  0.00000000  2.07031250  
-12.36831736  -69.97371734  -6.17700000  31.46327050  120.64737540  -6.17700000  0.00000000  0.00000000  2.03993056  
-12.62634694  -70.03474029  -6.17700000  31.46326990  120.64737270  -6.17700000  0.00000000  0.00000000  1.99652778  
-12.88437654  -70.09576324  -6.17500000  31.46326930  120.64737000  -6.17500000  0.00000000  0.00000000  1.97048611  
-13.13266455  -70.14590240  -6.17300000  31.46326880  120.64736740  -6.17300000  0.00000000  0.00000000  1.93576389  
-13.38071481  -70.18495394  -6.17100000  31.46326840  120.64736480  -6.17100000  0.00000000  0.00000000  1.91840278  
-13.62876506  -70.22400549  -6.16800000  31.46326800  120.64736220  -6.16800000  0.00000000  0.00000000  1.88802083  
-13.87657756  -70.25196943  -6.16600000  31.46326770  120.64735960  -6.16600000  0.00000000  0.00000000  1.87065972  
-14.11488624  -70.28013717  -6.16500000  31.46326740  120.64735710  -6.16500000  0.00000000  0.00000000  1.84461806  
-14.36246097  -70.29701350  -6.16600000  31.46326720  120.64735450  -6.16600000  0.00000000  0.00000000  1.81857639  
-14.60029412  -70.30300604  -6.16400000  31.46326710  120.64735200  -6.16400000  0.00000000  0.00000000  1.80989583  
-14.83812727  -70.30899857  -6.16200000  31.46326700  120.64734950  -6.16200000  0.00000000  0.00000000  1.78819444  
-15.07572266  -70.30390350  -6.16100000  31.46326700  120.64734700  -6.16100000  0.00000000  0.00000000  1.77083333  
-15.30381423  -70.29901222  -6.15900000  31.46326700  120.64734460  -6.15900000  0.00000000  0.00000000  1.75347222  
-15.54117186  -70.28282955  -6.15800000  31.46326710  120.64734210  -6.15800000  0.00000000  0.00000000  1.74479167  
-15.76902566  -70.26685067  -6.15800000  31.46326720  120.64733970  -6.15800000  0.00000000  0.00000000  1.72743056  
-15.99664170  -70.23978419  -6.15800000  31.46326740  120.64733730  -6.15800000  0.00000000  0.00000000  1.72309028  
-16.22425774  -70.21271770  -6.15900000  31.46326760  120.64733490  -6.15900000  0.00000000  0.00000000  1.72309028  
-16.45187377  -70.18565121  -6.15800000  31.46326780  120.64733250  -6.15800000  0.00000000  0.00000000  1.70572917  
-16.66974823  -70.14770093  -6.15600000  31.46326810  120.64733020  -6.15600000  0.00000000  0.00000000  1.71440972  
-16.88738491  -70.09866304  -6.15700000  31.46326850  120.64732790  -6.15700000  0.00000000  0.00000000  1.67968750  
-17.10502159  -70.04962515  -6.15700000  31.46326890  120.64732560  -6.15700000  0.00000000  0.00000000  1.67100694  
-17.32265827  -70.00058725  -6.15600000  31.46326930  120.64732330  -6.15600000  0.00000000  0.00000000  1.66232639  
-17.53055337  -69.94066556  -6.15500000  31.46326980  120.64732110  -6.15500000  0.00000000  0.00000000  1.64496528  
-17.75721832  -69.86924866  -6.15800000  31.46327040  120.64731870  -6.15800000  0.00000000  0.00000000  1.63628472  
-17.96511341  -69.80932696  -6.15800000  31.46327090  120.64731650  -6.15800000  0.00000000  0.00000000  1.63628472  
-18.16326691  -69.73852146  -6.15800000  31.46327150  120.64731440  -6.15800000  0.00000000  0.00000000  1.62760417  
-18.38019028  -69.65622076  -6.15800000  31.46327220  120.64731210  -6.15800000  0.00000000  0.00000000  1.61892361  
-18.57810600  -69.57432766  -6.15900000  31.46327290  120.64731000  -6.15900000  0.00000000  0.00000000  1.61892361  
-18.76651791  -69.49263836  -6.15900000  31.46327360  120.64730800  -6.15900000  0.00000000  0.00000000  1.61892361  
-18.98320350  -69.39925004  -6.15900000  31.46327440  120.64730570  -6.15900000  0.00000000  0.00000000  1.61892361  
-19.19014749  -69.29497794  -6.16300000  31.46327530  120.64730350  -6.16300000  0.00000000  0.00000000  1.61024306  
-19.37832162  -69.20220103  -6.16200000  31.46327610  120.64730150  -6.16200000  0.00000000  0.00000000  1.59722222  
-19.56625798  -69.09833653  -6.16200000  31.46327700  120.64729950  -6.16200000  0.00000000  0.00000000  1.58854167  
-19.75419433  -68.99447202  -6.16100000  31.46327790  120.64729750  -6.16100000  0.00000000  0.00000000  1.58854167  
-19.94189291  -68.87951992  -6.16000000  31.46327890  120.64729550  -6.16000000  0.00000000  0.00000000  1.58854167  
-20.12008767  -68.76477161  -6.15900000  31.46327990  120.64729360  -6.15900000  0.00000000  0.00000000  1.57986111  
-20.29828242  -68.65002331  -6.15900000  31.46328090  120.64729170  -6.15900000  0.00000000  0.00000000  1.57986111  
-20.47647717  -68.53527500  -6.15300000  31.46328190  120.64728980  -6.15300000  0.00000000  0.00000000  1.57986111  
-20.64493034  -68.40964290  -6.15300000  31.46328300  120.64728800  -6.15300000  0.00000000  0.00000000  1.58854167  
-20.81338349  -68.28401079  -6.15400000  31.46328410  120.64728620  -6.15400000  0.00000000  0.00000000  1.59288194  
-21.00036873  -68.13579588  -6.15500000  31.46328540  120.64728420  -6.15500000  0.00000000  0.00000000  1.58420139  
-21.17785015  -67.98778477  -6.15500000  31.46328670  120.64728230  -6.15500000  0.00000000  0.00000000  1.58420139  
-21.38312968  -67.80589944  -6.15600000  31.46328830  120.64728010  -6.15600000  0.00000000  0.00000000  1.58420139  
-21.54160346  -67.65829594  -6.15400000  31.46328960  120.64727840  -6.15400000  0.00000000  0.00000000  1.58854167  
-21.69057342  -67.51089625  -6.16100000  31.46329090  120.64727680  -6.16100000  0.00000000  0.00000000  1.58854167  
-21.84904720  -67.36329275  -6.16200000  31.46329220  120.64727510  -6.16200000  0.00000000  0.00000000  1.58420139  
-22.00704541  -67.19351405  -6.16200000  31.46329370  120.64727340  -6.16200000  0.00000000  0.00000000  1.58854167  
-22.19284175  -66.98986113  -6.16300000  31.46329550  120.64727140  -6.16300000  0.00000000  0.00000000  1.60156250  
-22.34109837  -66.80919864  -6.16200000  31.46329710  120.64726980  -6.16200000  0.00000000  0.00000000  1.59288194  
-22.48032672  -66.65091515  -6.16000000  31.46329850  120.64726830  -6.16000000  0.00000000  0.00000000  1.58854167  
-22.62858333  -66.47025265  -6.15500000  31.46330010  120.64726670  -6.15500000  0.00000000  0.00000000  1.60156250  
-22.76709835  -66.27870636  -6.15500000  31.46330180  120.64726520  -6.15500000  0.00000000  0.00000000  1.59288194  
-22.92390766  -66.05348967  -6.15300000  31.46330380  120.64726350  -6.15300000  0.00000000  0.00000000  1.58854167  
-23.05291885  -65.86214719  -6.15300000  31.46330550  120.64726210  -6.15300000  0.00000000  0.00000000  1.58854167  
-23.17266401  -65.68209612  -6.15300000  31.46330710  120.64726080  -6.15300000  0.00000000  0.00000000  1.58854167  
-23.29193361  -65.47986985  -6.15200000  31.46330890  120.64725950  -6.15200000  0.00000000  0.00000000  1.59288194  
-23.40193717  -65.28893499  -6.15200000  31.46331060  120.64725830  -6.15200000  0.00000000  0.00000000  1.60156250  
-23.51194072  -65.09800012  -6.14900000  31.46331230  120.64725710  -6.14900000  0.00000000  0.00000000  1.60156250  
-23.61244046  -64.90726907  -6.14800000  31.46331400  120.64725600  -6.14800000  0.00000000  0.00000000  1.60156250  
-23.72196845  -64.69415901  -6.14800000  31.46331590  120.64725480  -6.14800000  0.00000000  0.00000000  1.61024306  
-23.81296437  -64.50363176  -6.14800000  31.46331760  120.64725380  -6.14800000  0.00000000  0.00000000  1.60156250  
-23.89445648  -64.31330833  -6.14800000  31.46331930  120.64725290  -6.14800000  0.00000000  0.00000000  1.61024306  
-23.98473906  -64.08951829  -6.14900000  31.46332130  120.64725190  -6.14900000  0.00000000  0.00000000  1.61892361  
-24.06599338  -63.88810726  -6.14900000  31.46332310  120.64725100  -6.14900000  0.00000000  0.00000000  1.61892361  
-24.13798167  -63.69798763  -6.15000000  31.46332480  120.64725020  -6.15000000  0.00000000  0.00000000  1.61892361  
-24.21876043  -63.47440141  -6.15000000  31.46332680  120.64724930  -6.15000000  0.00000000  0.00000000  1.62760417  
-24.29027316  -63.26210658  -6.15100000  31.46332870  120.64724850  -6.15100000  0.00000000  0.00000000  1.62760417  
-24.34301604  -63.06130698  -6.15100000  31.46333050  120.64724790  -6.15100000  0.00000000  0.00000000  1.61892361  
-24.40454940  -62.82704078  -6.15200000  31.46333260  120.64724720  -6.15200000  0.00000000  0.00000000  1.62760417  
-24.45705449  -62.61515358  -6.15300000  31.46333450  120.64724660  -6.15300000  0.00000000  0.00000000  1.62760417  
-24.50979737  -62.41435398  -6.15200000  31.46333630  120.64724600  -6.15200000  0.00000000  0.00000000  1.61892361  
-24.55232310  -62.18049540  -6.15600000  31.46333840  120.64724550  -6.15600000  0.00000000  0.00000000  1.62760417  
-24.59508660  -61.95772442  -6.15800000  31.46334040  120.64724500  -6.15800000  0.00000000  0.00000000  1.62760417  
-24.62882185  -61.75733244  -6.16000000  31.46334220  120.64724460  -6.16000000  0.00000000  0.00000000  1.61892361  
-24.65210218  -61.51279389  -6.16200000  31.46334440  120.64724430  -6.16200000  0.00000000  0.00000000  1.62760417  
-24.68559965  -61.30131431  -6.16400000  31.46334630  120.64724390  -6.16400000  0.00000000  0.00000000  1.62760417  
-24.70008950  -61.09024236  -6.16500000  31.46334820  120.64724370  -6.16500000  0.00000000  0.00000000  1.63628472  
-24.71386602  -60.84590762  -6.16600000  31.46335040  120.64724350  -6.16600000  0.00000000  0.00000000  1.63628472  
-24.72859365  -60.64592326  -6.17300000  31.46335220  120.64724330  -6.17300000  0.00000000  0.00000000  1.62760417  
-24.73286636  -60.40179233  -6.17200000  31.46335440  120.64724320  -6.17200000  0.00000000  0.00000000  1.62760417  
-24.73618796  -60.11331102  -6.17200000  31.46335700  120.64724310  -6.17200000  0.00000000  0.00000000  1.61892361  
-24.73143242  -59.89155909  -6.17400000  31.46335900  120.64724310  -6.17400000  0.00000000  0.00000000  1.61892361  
-24.71693529  -59.65892339  -6.17400000  31.46336110  120.64724320  -6.17400000  0.00000000  0.00000000  1.61892361  
-24.70291372  -59.44846287  -6.17400000  31.46336300  120.64724330  -6.17400000  0.00000000  0.00000000  1.61892361  
-24.67891278  -59.21603097  -6.17400000  31.46336510  120.64724350  -6.17400000  0.00000000  0.00000000  1.61892361  
-24.65514963  -58.99468667  -6.16800000  31.46336710  120.64724370  -6.16800000  0.00000000  0.00000000  1.61024306  
-24.62188267  -58.77354619  -6.16900000  31.46336910  120.64724400  -6.16900000  0.00000000  0.00000000  1.61024306  
-24.58885348  -58.56349329  -6.16900000  31.46337100  120.64724430  -6.16900000  0.00000000  0.00000000  1.61024306  
-24.55558653  -58.34235281  -6.16900000  31.46337300  120.64724460  -6.16900000  0.00000000  4.00000000  1.60156250  
-24.51305354  -58.13250373  -6.16800000  31.46337490  120.64724500  -6.16800000  0.00000000  6.00000000  1.56250000  
-24.46101675  -57.92285846  -6.16700000  31.46337680  120.64724550  -6.16700000  0.00000000  5.00000000  1.49739583  
-24.39852505  -57.66906662  -6.16600000  31.46337910  120.64724610  -6.16600000  0.00000000  7.00000000  1.42795139  
-24.33650891  -57.43744997  -6.16800000  31.46338120  120.64724670  -6.16800000  0.00000000  9.00000000  1.34114583  
-24.26546452  -57.22821233  -6.16600000  31.46338310  120.64724740  -6.16600000  0.00000000  12.00000000  1.20225694  
-24.20416171  -57.02985847  -6.16300000  31.46338490  120.64724800  -6.16300000  0.00000000  16.00000000  1.04600694  
-24.13311732  -56.82062082  -6.16100000  31.46338680  120.64724870  -6.16100000  0.00000000  17.00000000  0.80295139  
-24.06231071  -56.62247077  -6.16200000  31.46338860  120.64724940  -6.16200000  0.00000000  20.00000000  0.42100694  
-23.95396445  -56.44731116  -6.17400000  31.46339020  120.64725050  -6.17400000  0.00000000  16.00000000  0.00000000  
-23.82684836  -56.28364677  -6.15700000  31.46339170  120.64725180  -6.15700000  0.00000000  0.00000000  0.00000000  
-23.74677573  -56.09678813  -6.15800000  31.46339340  120.64725260  -6.15800000  0.00000000  0.00000000  0.00000000  
-23.82067343  -56.43907693  -6.15700000  31.46339030  120.64725190  -6.15700000  0.00000000  0.00000000  0.00000000  
-23.91310318  -56.75878292  -6.15600000  31.46338740  120.64725100  -6.15600000  0.00000000  0.00000000  0.00000000  
